0.74
1.17
1.76
2.43
0.29
0.74
2.43
2.40
1.81
2.19
1.26
0.27
1.17
0.60
1.64
1.22
1.52
1.03
1.90
0.72
1.38
0.43
0.20
0.55
1.79
0.43
0.62
0.17
0.46
1.52
1.79
0.86
1.95
1.60
0.91
0.57
1.74
0.34
2.21
1.12
0.41
0.27
0.67
1.36
0.34
1.29
0.48
0.31
0.43
2.02
0.20
2.21
2.17
0.84
1.76
2.38
2.17
0.20
0.29
2.02
2.33
1.24
1.88
2.07
1.24
1.31
0.36
0.62
2.02
1.19
0.55
0.72
1.88
1.26
0.50
0.84
2.09
1.10
1.74
0.77
1.22
2.26
0.46
0.29
1.36
1.10
0.12
0.77
0.91
1.67
1.83
0.55
2.36
1.17
0.10
0.81
1.33
0.17
0.29
2.07
0.15
1.17
0.93
0.95
1.07
0.39
1.57
1.33
0.15
0.50
0.57
1.62
2.02
0.12
1.88
0.93
0.10
2.05
0.27
1.38
0.55
0.41
0.69
0.43
1.05
1.36
0.29
2.28
0.46
0.86
1.07
0.31
2.14
1.33
1.26
0.84
1.88
0.29
0.57
1.74
0.69
2.14
0.20
0.95
0.46
2.47
0.67
1.74
1.31
1.62
0.62
0.12
2.02
0.88
1.79
1.29
1.19
0.36
0.17
2.07
1.36
0.81
0.24
0.74
0.46
0.69
2.14
1.48
1.36
0.60
0.43
1.45
0.10
0.36
0.43
1.12
2.43
2.43
1.14
1.62
1.38
0.93
1.57
2.07
0.50
2.43
1.98
1.95
2.38
0.29
0.12
2.07
2.40
0.72
0.98
1.05
2.36
2.17
0.17
1.29
0.24
1.69
1.74
0.57
1.86
1.71
0.31
1.50
1.36
1.67
0.62
2.00
1.43
0.67
1.55
1.74
0.15
1.50
1.07
0.98
1.88
2.02
1.90
1.29
1.19
0.81
0.34
0.46
2.21
2.05
0.34
0.43
1.67
2.38
0.57
1.05
1.07
2.21
1.45
1.67
1.76
2.05
1.36
2.43
1.95
2.33
1.26
0.60
1.69
1.90
2.00
1.19
0.17
1.45
1.83
0.48
0.39
2.14
1.07
1.79
1.29
0.24
0.67
2.14
0.57
1.60
1.95
2.12
0.36
0.86
1.00
1.17
1.10
0.88
2.33
2.07
1.17
0.91
2.00
2.24
0.88
0.72
1.88
1.55
2.31
1.50
1.79
1.38
0.29
1.05
1.14
0.95
0.36
0.41
2.12
2.26
1.93
1.55
0.27
0.43
1.48
2.14
0.57
2.14
0.24
1.41
0.17
0.84
2.28
1.26
1.88
1.19
0.34
1.81
1.93
0.69
0.86
2.45
2.12
0.60
0.79
2.47
1.19
1.86
2.31
2.14
0.57
0.74
2.07
0.67
1.33
2.21
0.55
2.07
1.22
0.29
2.40
1.55
0.24
1.57
1.24
0.31
0.65
0.48
2.19
1.26
1.88
1.03
1.45
1.05
2.02
0.72
2.05
1.12
2.26
1.07
1.29
2.21
1.98
2.28
1.12
2.43
1.55
0.81
1.29
1.41
0.77
1.36
0.53
2.21
1.95
1.88
1.17
0.69
1.45
2.31
0.79
1.38
0.95
0.10
2.12
0.91
0.57
1.98
1.79
1.60
1.31
0.65
1.26
2.21
0.29
0.34
0.57
2.02
2.31
1.14
0.17
0.22
0.57
0.41
2.45
1.64
1.90
0.60
2.12
0.55
2.17
1.05
0.34
1.26
1.33
1.38
1.22
0.39
1.48
0.95
1.93
2.24
1.50
0.67
0.50
1.43
0.67
2.28
2.43
0.15
0.81
0.91
1.71
1.24
1.48
0.43
1.79
0.55
2.19
0.22
1.33
2.33
2.31
0.17
1.31
1.36
2.33
0.24
0.48
0.48
1.60
1.14
1.43
0.22
1.74
0.95
2.02
1.71
0.22
1.88
0.41
2.05
1.33
0.62
0.12
0.36
2.21
1.22
1.22
0.27
0.60
1.90
0.60
2.45
1.98
0.41
0.22
0.53
2.26
0.62
1.93
1.19
0.34
2.26
2.19
1.41
1.52
1.29
0.55
2.09
1.62
2.47
2.43
2.31
2.14
0.60
0.79
1.05
1.12
1.17
1.52
2.26
0.67
2.47
1.62
2.09
2.36
0.10
0.67
1.67
0.88
1.52
0.86
0.22
2.40
1.81
1.81
1.33
1.00
1.57
0.12
0.57
1.64
0.50
1.31
0.46
2.36
2.12
1.93
0.79
2.43
1.45
0.57
2.12
2.28
0.27
1.24
1.31
0.41
0.34
1.24
0.48
1.79
0.67
1.38
1.83
0.29
1.24
0.77
0.50
1.88
2.38
0.27
1.41
1.48
0.22
1.05
0.50
0.17
0.95
1.45
2.28
2.45
1.71
1.76
2.00
0.72
2.31
0.55
2.07
2.38
0.67
2.19
2.02
0.93
0.17
1.45
2.19
1.71
1.26
0.98
1.90
1.71
2.40
0.79
0.20
2.43
2.26
0.41
1.29
1.62
1.36
0.77
0.31
2.02
2.43
0.88
0.41
2.05
1.74
0.24
1.83
0.10
1.81
0.60
2.02
0.67
2.36
0.46
2.43
1.43
0.88
1.19
1.45
2.17
0.57
0.93
2.26
1.12
1.93
0.65
2.28
2.02
1.60
1.10
1.86
2.26
2.05
1.03
0.88
2.17
0.24
1.86
1.86
2.05
0.36
1.60
0.91
0.72
1.90
2.09
2.36
0.36
2.19
1.69
2.26
1.05
1.71
1.36
0.86
1.45
1.64
0.69
2.36
1.60
1.41
1.07
0.91
1.50
1.57
0.39
0.98
1.24
1.71
2.43
1.12
1.48
1.79
0.62
1.90
0.65
2.12
0.95
0.81
1.48
1.74
2.24
2.19
1.60
0.46
0.79
0.60
1.10
2.02
2.09
0.67
1.17
0.67
1.14
0.24
2.40
0.10
1.00
1.81
1.29
0.22
0.95
0.29
2.05
1.14
0.36
1.76
2.43
1.95
1.86
0.27
0.98
1.57
2.14
0.48
0.39
0.57
1.38
1.00
0.27
0.53
0.65
0.34
1.98
1.22
1.48
2.12
1.60
1.41
0.84
2.19
1.69
1.81
1.31
0.55
1.52
0.84
0.41
2.24
0.39
1.36
1.33
0.46
1.26
0.41
1.69
1.60
1.88
1.98
0.34
0.34
1.60
1.29
0.24
1.69
2.19
1.88
1.64
2.31
1.00
1.62
0.67
0.22
1.29
0.93
2.40
2.28
2.38
0.77
2.40
0.41
0.60
2.43
1.10
0.65
1.29
0.91
1.00
1.33
0.24
1.14
0.15
0.88
2.07
2.26
2.31
0.91
0.34
1.79
0.77
0.31
1.90
0.39
2.05
1.12
1.55
1.71
0.91
1.81
1.57
0.39
0.67
0.15
1.10
2.19
1.05
2.31
2.33
1.93
1.50
1.33
0.86
1.69
0.24
2.02
0.95
2.26
1.31
1.60
1.57
0.81
1.93
2.24
2.19
2.38
0.88
0.84
1.60
0.65
1.31
1.69
1.76
1.50
2.21
1.55
2.14
1.36
0.41
1.05
1.07
2.24
2.26
2.00
2.09
2.09
2.40
2.07
2.07
0.50
2.24
2.33
0.48
0.79
1.83
2.02
1.57
0.39
0.29
2.07
1.76
1.19
1.14
1.36
1.12
1.36
1.41
2.19
2.17
0.91
0.67
0.48
0.10
0.15
0.62
2.31
1.05
0.79
0.39
1.86
1.90
0.65
2.24
0.31
1.24
1.38
2.14
0.31
1.95
1.19
0.48
0.24
1.03
2.17
0.84
1.22
1.60
1.38
1.67
0.48
0.67
0.91
1.14
1.81
1.38
1.55
0.86
0.34
1.57
1.60
1.74
0.39
1.88
1.52
1.62
1.60
0.39
0.41
2.38
0.20
2.00
1.43
0.74
0.69
1.41
0.15
0.41
0.57
0.29
0.43
0.79
1.57
1.14
1.36
0.86
2.31
0.24
1.95
2.21
1.45
0.46
1.22
2.43
0.77
2.00
1.48
1.64
2.31
1.36
2.07
0.24
1.76
2.17
2.21
2.31
1.83
1.00
0.86
0.55
2.00
1.52
1.52
1.81
2.14
1.33
1.55
1.74
0.48
0.53
0.67
