94839700 45327254 348255259 363748035 161081259 56288307 83095555 23822159 49608431 67759488 199566020 130792329 64810855 258724479 395901227 479250539 365778741 107793588 134577313 327292828 365512375 159924203 37482328 122397007
85258681 18925783 59735976 140450697 74649061 24565844 9926736 13198985 351863228 146102374 378298537 127697336 93728682 173727007 391267328 307369178 134151307 88000755 192256433 457370276 75554074 148491231 47851046 91856448
103060609 57219365 43717379 179030354 409315546 233803701 110478991 151641685 276786887 348408244 489878263 119067101 153933241 178502083 238244304 116622797 102192338 130915159 97848391 464651560 145306857 69548573 95085034 53545800
122502444 32148386 26241506 175053646 633983887 510242538 448645835 200313026 241034714 280873582 159979246 42374924 59197885 76926154 193266448 179562386 118243327 47020957 44223231 56935130 92093025 66441186 79855313 47114797
134851497 39886372 41332735 197102631 480976233 349583183 315519197 133408001 378153330 215382646 270507116 77898586 27281945 45167342 99296776 175651336 46915927 13755918 24043845 71960193 196367082 82640904 94102201 87138493
262186130 198018540 176675005 204276403 376848650 279670817 150145679 128851275 563246969 425010825 136506495 180008754 103190920 44177941 61897745 91405371 89595275 38101100 20667408 102705745 396269643 289171917 169256676 134823514
159598323 111945117 81064744 98512876 114674040 101774062 162928052 134556904 273332129 294838005 200007783 51853450 42722178 22951480 109534248 227797534 175139795 213754968 64875739 211668802 290700098 407932764 490303696 82916356
95463629 56408232 56405097 52298579 163534546 141936143 121192407 55392380 65459128 204847397 140664080 69483450 61424094 41711380 207597070 282710970 355813504 265119532 150236658 209320300 693681392 481422018 213710194 117712499
248933494 122881335 30651406 21223173 177764659 126664860 108635007 56017614 35551436 179901917 682626959 472642621 429100399 168461300 424945554 331902520 677599800 369318048 398364352 187102885 598297039 435682714 150388033 144875716
113187661 95957324 81092713 29210213 52100679 93076985 124309284 51069789 33307714 144549115 606149878 403499144 204089723 174158554 182193459 194285396 341330769 248249383 92918595 136532173 323792052 201564755 110848398 23352974
235859255 147856867 38580381 25859707 221988075 195614354 330921180 164969498 81656042 220039624 438443477 503090775 316435359 91051368 224902422 435958737 252485646 188553944 35687378 68613722 163710831 153594823 148527970 18954837
239489472 43501903 46293374 120535904 466007756 345200712 592951122 151479150 160557322 192061475 383770071 123906973 127581618 162137040 240010026 709141964 144965098 135139653 118433120 93758466 142745251 86437418 104734568 71471997
486840005 502187928 441561909 154529246 272774130 305724517 212880657 24937564 32098390 44431513 55167437 64907941 82389081 96075876 124184917 205127701 131154469 35612040 33375798 16770104 255322025 257302749 162685888 140383211
636133787 396222966 194047195 217858370 299462727 171462946 136174662 39966103 51790809 39140237 194769332 123312232 93104601 46407704 47000409 184635894 196221323 74467986 98844558 83475202 222419889 194801565 263769275 105975453
487923961 388386007 334332183 122277937 603036197 423461387 245571894 168492832 36569267 58559930 66311242 120083632 86771287 14974002 19921293 36183270 300320833 184036254 123751020 116463896 113724724 175403322 459807116 431003035
146666967 123005756 140792985 138077475 372989155 276517039 130464206 73727729 88814751 28178970 31801210 56455132 94986588 78756438 42209026 236467753 353453909 282628859 141827507 127356981 94609582 115908424 207514813 116219373
121162631 124566059 155526285 82866385 154392013 287283942 172574493 69881634 54206735 12131396 267971272 293240554 360456466 346312596 128329306 233848169 543606626 599107610 490127864 99515717 250932362 676823374 230129508 192265445
224474502 144583641 130926318 72466754 46630560 178671312 350978494 74997155 103145642 164638980 212894874 366363488 720372699 265160994 185665916 182800853 689875249 497638084 159711105 182267108 152834719 420801255 98895460 64731086
57637100 97418758 91283029 31337389 28348449 144911677 666208865 609350118 499402845 203051681 278563633 403436051 408469726 270323939 366133885 220055355 274198276 203345433 84433120 59588007 60874496 95984629 133836893 59341898
74820046 95000516 227347839 131728601 64810855 263015970 583673096 518410443 371909177 171606108 355962705 222096152 457850623 159638451 36393394 208141305 207577879 301696590 121779019 28548234 22858054 73871826 180421969 73306505
395456645 238668986 388424804 127893887 93023221 167481091 441117619 294178511 104233573 120069615 457605148 325609622 170777721 159335384 41452972 102482172 57222382 98540454 77886796 30647303 20914205 51490558 284135549 216845600
387345726 392361108 490328072 117461231 124543493 123476915 234582552 99753050 134800961 118784395 399716136 398682118 181545581 73637276 84718593 115400751 151163614 88914056 109944316 133485165 64982384 256457621 399421388 445839276
271996429 294874494 136480169 30191426 50283901 44796988 175666927 131425055 119958150 54335902 74601905 135632694 107276477 66625973 70788315 37418826 229856837 249071961 180817721 123915132 75114669 177564022 604494539 526522307
405236034 202473578 264964505 72236392 20003558 33685258 66697294 62716026 50207952 19433846 28718794 82629775 213159184 81118671 64126662 84720017 91615746 127523168 365753282 214941711 142173593 193811019 546964565 335463526
551008394 406198003 124847442 145498236 85457622 31580755 52585976 100252899 114269111 18803642 22918224 115786106 416258036 290700820 159744780 136894373 128509839 163585699 363871455 316302894 360827276 165344434 459065366 265918265
172407256 241101147 160149622 20170955 23981387 20376513 199990988 108371237 245117893 159931435 60466152 211044867 276393043 371282849 332932619 66602953 108399388 308164229 260904505 104481329 28801945 72634734 178588688 148924186
53208624 188267721 107476485 28138748 9743080 29897447 241874036 232330763 472004383 159885876 170451987 187523584 451318960 246613339 122016603 94856917 223842209 690921517 87613873 188421084 102961889 78840247 111922653 105578583
30458267 178729327 562335213 466583623 497954656 163525475 275486915 238198094 322443954 48767144 64882439 86290926 139580083 106159202 135087768 157521165 114604425 277371930 171718806 45900743 55687825 49063663 305863828 241579733
23474453 136835818 608134619 375615174 181864611 197395139 255953308 150640024 41517470 206388184 36528653 29839675 149962515 103031712 71877303 29726062 35670039 146094132 87994662 61524792 70092203 42439722 177938482 190605237
65547926 225294128 448019936 421969900 318338596 102310908 447111672 286395530 293968221 119371360 32048844 47200133 88635655 118241253 76128522 26319594 21937831 71308391 314551911 157143577 149686610 132760607 134540159 169428933
144821495 188261747 266967628 121674803 154778981 159491902 500008613 457890619 145075856 138845007 104626568 46548709 51662353 78101545 106608787 70552720 35209154 134576452 413042277 303138361 186208907 112871073 116459959 160835257
89171525 83617357 76688784 81969475 123093838 74320239 162814661 187207081 143831716 46126294 34374967 8335578 99446625 198838637 227704684 264391442 88138624 220428330 313393017 482447733 455401828 72686247 157309238 425715689
56016202 45634066 274785005 159998233 144987357 80226850 76712271 267019236 361043563 78014026 109621218 146285846 373863809 426909650 660816066 247688587 184254236 258661098 785849097 521975287 233507446 176247295 246714737 695275199
21428705 21967161 65614133 121790314 100956246 32252905 24982345 117568880 518580770 498333322 409364357 163398494 221026426 375699941 571801855 418737850 391144672 138530200 447997820 239049902 84258099 91453758 42058149 73239429
84639969 31561322 54635153 91467140 140269933 55581375 39881208 225262023 654290934 404437890 232585246 207492749 209252040 210799400 300269746 115553713 59560578 103863798 274476989 245083946 99325316 33648974 41019886 94363043
30915148 17363943 372981330 245038423 480345089 204206194 121519957 236549019 523878691 478471024 338591170 100878701 303951960 706949430 320750317 204378924 42198455 172958307 95524217 199877394 121980531 14326759 17287795 32684891
79917943 141093243 334103621 296799565 413554190 106213829 108916010 101190948 224014942 119754966 106180923 131548664 358655669 276269234 126568075 67372207 103441213 112734933 50525232 63845573 76018053 71850083 39091967 200348943
515146786 201359399 325850692 357598647 205368169 35233198 60342760 64017883 114440084 103578422 84302578 120856400 144074589 249620221 155276326 59706559 52015057 47797093 346068053 298622424 187556026 194716303 102089372 235858422
343125669 174529773 374907158 218793443 217701403 70482714 28208248 43175841 157175939 117355225 96458863 40999112 33564767 96419872 204184904 89460885 91980984 105600626 98166339 188144405 412898810 203213357 127365360 183516820
87215135 110044314 463517349 299839102 151264724 106584531 26107917 28499680 37800550 81395378 74900762 8915926 20957396 57797802 304037766 244777715 141228146 112550293 121213813 157505417 282241330 284162972 367888625 141401774
