1.28
1.86
2.67
3.58
0.66
1.28
3.58
3.55
2.74
3.26
1.99
0.63
1.86
1.08
2.51
1.93
2.35
1.67
2.87
1.25
2.15
0.85
0.53
1.02
2.71
0.85
1.11
0.50
0.89
2.35
2.71
1.44
2.94
2.45
1.50
1.05
2.64
0.72
3.29
1.80
0.82
0.63
1.18
2.12
0.72
2.02
0.92
0.69
0.85
3.03
0.53
3.29
3.23
1.41
2.67
3.52
3.23
0.53
0.66
3.03
3.46
1.96
2.84
3.10
1.96
2.06
0.76
1.11
3.03
1.89
1.02
1.25
2.84
1.99
0.95
1.41
3.13
1.77
2.64
1.31
1.93
3.36
0.89
0.66
2.12
1.77
0.43
1.31
1.50
2.54
2.77
1.02
3.49
1.86
0.40
1.38
2.09
0.50
0.66
3.10
0.46
1.86
1.54
1.57
1.73
0.79
2.42
2.09
0.46
0.95
1.05
2.48
3.03
0.43
2.84
1.54
0.40
3.06
0.63
2.15
1.02
0.82
1.21
0.85
1.70
2.12
0.66
3.39
0.89
1.44
1.73
0.69
3.19
2.09
1.99
1.41
2.84
0.66
1.05
2.64
1.21
3.19
0.53
1.57
0.89
3.65
1.18
2.64
2.06
2.48
1.11
0.43
3.03
1.47
2.71
2.02
1.89
0.76
0.50
3.10
2.12
1.38
0.60
1.28
0.89
1.21
3.19
2.29
2.12
1.08
0.85
2.25
0.40
0.76
0.85
1.80
3.58
3.58
1.83
2.48
2.15
1.54
2.42
3.10
0.95
3.58
2.97
2.94
3.52
0.66
0.43
3.10
3.55
1.25
1.60
1.70
3.49
3.23
0.50
2.02
0.60
2.58
2.64
1.05
2.80
2.61
0.69
2.32
2.12
2.54
1.11
3.00
2.22
1.18
2.38
2.64
0.46
2.32
1.73
1.60
2.84
3.03
2.87
2.02
1.89
1.38
0.72
0.89
3.29
3.06
0.72
0.85
2.54
3.52
1.05
1.70
1.73
3.29
2.25
2.54
2.67
3.06
2.12
3.58
2.94
3.46
1.99
1.08
2.58
2.87
3.00
1.89
0.50
2.25
2.77
0.92
0.79
3.19
1.73
2.71
2.02
0.60
1.18
3.19
1.05
2.45
2.94
3.16
0.76
1.44
1.63
1.86
1.77
1.47
3.46
3.10
1.86
1.50
3.00
3.32
1.47
1.25
2.84
2.38
3.42
2.32
2.71
2.15
0.66
1.70
1.83
1.57
0.76
0.82
3.16
3.36
2.90
2.38
0.63
0.85
2.29
3.19
1.05
3.19
0.60
2.19
0.50
1.41
3.39
1.99
2.84
1.89
0.72
2.74
2.90
1.21
1.44
3.62
3.16
1.08
1.34
3.65
1.89
2.80
3.42
3.19
1.05
1.28
3.10
1.18
2.09
3.29
1.02
3.10
1.93
0.66
3.55
2.38
0.60
2.42
1.96
0.69
1.15
0.92
3.26
1.99
2.84
1.67
2.25
1.70
3.03
1.25
3.06
1.80
3.36
1.73
2.02
3.29
2.97
3.39
1.80
3.58
2.38
1.38
2.02
2.19
1.31
2.12
0.98
3.29
2.94
2.84
1.86
1.21
2.25
3.42
1.34
2.15
1.57
0.40
3.16
1.50
1.05
2.97
2.71
2.45
2.06
1.15
1.99
3.29
0.66
0.72
1.05
3.03
3.42
1.83
0.50
0.56
1.05
0.82
3.62
2.51
2.87
1.08
3.16
1.02
3.23
1.70
0.72
1.99
2.09
2.15
1.93
0.79
2.29
1.57
2.90
3.32
2.32
1.18
0.95
2.22
1.18
3.39
3.58
0.46
1.38
1.50
2.61
1.96
2.29
0.85
2.71
1.02
3.26
0.56
2.09
3.46
3.42
0.50
2.06
2.12
3.46
0.60
0.92
0.92
2.45
1.83
2.22
0.56
2.64
1.57
3.03
2.61
0.56
2.84
0.82
3.06
2.09
1.11
0.43
0.76
3.29
1.93
1.93
0.63
1.08
2.87
1.08
3.62
2.97
0.82
0.56
0.98
3.36
1.11
2.90
1.89
0.72
3.36
3.26
2.19
2.35
2.02
1.02
3.13
2.48
3.65
3.58
3.42
3.19
1.08
1.34
1.70
1.80
1.86
2.35
3.36
1.18
3.65
2.48
3.13
3.49
0.40
1.18
2.54
1.47
2.35
1.44
0.56
3.55
2.74
2.74
2.09
1.63
2.42
0.43
1.05
2.51
0.95
2.06
0.89
3.49
3.16
2.90
1.34
3.58
2.25
1.05
3.16
3.39
0.63
1.96
2.06
0.82
0.72
1.96
0.92
2.71
1.18
2.15
2.77
0.66
1.96
1.31
0.95
2.84
3.52
0.63
2.19
2.29
0.56
1.70
0.95
0.50
1.57
2.25
3.39
3.62
2.61
2.67
3.00
1.25
3.42
1.02
3.10
3.52
1.18
3.26
3.03
1.54
0.50
2.25
3.26
2.61
1.99
1.60
2.87
2.61
3.55
1.34
0.53
3.58
3.36
0.82
2.02
2.48
2.12
1.31
0.69
3.03
3.58
1.47
0.82
3.06
2.64
0.60
2.77
0.40
2.74
1.08
3.03
1.18
3.49
0.89
3.58
2.22
1.47
1.89
2.25
3.23
1.05
1.54
3.36
1.80
2.90
1.15
3.39
3.03
2.45
1.77
2.80
3.36
3.06
1.67
1.47
3.23
0.60
2.80
2.80
3.06
0.76
2.45
1.50
1.25
2.87
3.13
3.49
0.76
3.26
2.58
3.36
1.70
2.61
2.12
1.44
2.25
2.51
1.21
3.49
2.45
2.19
1.73
1.50
2.32
2.42
0.79
1.60
1.96
2.61
3.58
1.80
2.29
2.71
1.11
2.87
1.15
3.16
1.57
1.38
2.29
2.64
3.32
3.26
2.45
0.89
1.34
1.08
1.77
3.03
3.13
1.18
1.86
1.18
1.83
0.60
3.55
0.40
1.63
2.74
2.02
0.56
1.57
0.66
3.06
1.83
0.76
2.67
3.58
2.94
2.80
0.63
1.60
2.42
3.19
0.92
0.79
1.05
2.15
1.63
0.63
0.98
1.15
0.72
2.97
1.93
2.29
3.16
2.45
2.19
1.41
3.26
2.58
2.74
2.06
1.02
2.35
1.41
0.82
3.32
0.79
2.12
2.09
0.89
1.99
0.82
2.58
2.45
2.84
2.97
0.72
0.72
2.45
2.02
0.60
2.58
3.26
2.84
2.51
3.42
1.63
2.48
1.18
0.56
2.02
1.54
3.55
3.39
3.52
1.31
3.55
0.82
1.08
3.58
1.77
1.15
2.02
1.50
1.63
2.09
0.60
1.83
0.46
1.47
3.10
3.36
3.42
1.50
0.72
2.71
1.31
0.69
2.87
0.79
3.06
1.80
2.38
2.61
1.50
2.74
2.42
0.79
1.18
0.46
1.77
3.26
1.70
3.42
3.46
2.90
2.32
2.09
1.44
2.58
0.60
3.03
1.57
3.36
2.06
2.45
2.42
1.38
2.90
3.32
3.26
3.52
1.47
1.41
2.45
1.15
2.06
2.58
2.67
2.32
3.29
2.38
3.19
2.12
0.82
1.70
1.73
3.32
3.36
3.00
3.13
3.13
3.55
3.10
3.10
0.95
3.32
3.46
0.92
1.34
2.77
3.03
2.42
0.79
0.66
3.10
2.67
1.89
1.83
2.12
1.80
2.12
2.19
3.26
3.23
1.50
1.18
0.92
0.40
0.46
1.11
3.42
1.70
1.34
0.79
2.80
2.87
1.15
3.32
0.69
1.96
2.15
3.19
0.69
2.94
1.89
0.92
0.60
1.67
3.23
1.41
1.93
2.45
2.15
2.54
0.92
1.18
1.50
1.83
2.74
2.15
2.38
1.44
0.72
2.42
2.45
2.64
0.79
2.84
2.35
2.48
2.45
0.79
0.82
3.52
0.53
3.00
2.22
1.28
1.21
2.19
0.46
0.82
1.05
0.66
0.85
1.34
2.42
1.83
2.12
1.44
3.42
0.60
2.94
3.29
2.25
0.89
1.93
3.58
1.31
3.00
2.29
2.51
3.42
2.12
3.10
0.60
2.67
3.23
3.29
3.42
2.77
1.63
1.44
1.02
3.00
2.35
2.35
2.74
3.19
2.09
2.38
2.64
0.92
0.98
1.18
