0.98
1.49
2.21
3.02
0.43
0.98
3.02
2.99
2.27
2.73
1.61
0.40
1.49
0.80
2.07
1.55
1.92
1.32
2.38
0.95
1.75
0.60
0.32
0.75
2.24
0.60
0.83
0.29
0.63
1.92
2.24
1.12
2.44
2.01
1.18
0.77
2.18
0.49
2.76
1.44
0.57
0.40
0.89
1.72
0.49
1.64
0.66
0.46
0.60
2.53
0.32
2.76
2.70
1.09
2.21
2.96
2.70
0.32
0.43
2.53
2.90
1.58
2.36
2.59
1.58
1.67
0.52
0.83
2.53
1.52
0.75
0.95
2.36
1.61
0.69
1.09
2.61
1.41
2.18
1.01
1.55
2.82
0.63
0.43
1.72
1.41
0.23
1.01
1.18
2.10
2.30
0.75
2.93
1.49
0.20
1.06
1.70
0.29
0.43
2.59
0.26
1.49
1.21
1.23
1.38
0.54
1.98
1.70
0.26
0.69
0.77
2.04
2.53
0.23
2.36
1.21
0.20
2.56
0.40
1.75
0.75
0.57
0.92
0.60
1.35
1.72
0.43
2.84
0.63
1.12
1.38
0.46
2.67
1.70
1.61
1.09
2.36
0.43
0.77
2.18
0.92
2.67
0.32
1.23
0.63
3.07
0.89
2.18
1.67
2.04
0.83
0.23
2.53
1.15
2.24
1.64
1.52
0.52
0.29
2.59
1.72
1.06
0.37
0.98
0.63
0.92
2.67
1.87
1.72
0.80
0.60
1.84
0.20
0.52
0.60
1.44
3.02
3.02
1.46
2.04
1.75
1.21
1.98
2.59
0.69
3.02
2.47
2.44
2.96
0.43
0.23
2.59
2.99
0.95
1.26
1.35
2.93
2.70
0.29
1.64
0.37
2.13
2.18
0.77
2.33
2.15
0.46
1.90
1.72
2.10
0.83
2.50
1.81
0.89
1.95
2.18
0.26
1.90
1.38
1.26
2.36
2.53
2.38
1.64
1.52
1.06
0.49
0.63
2.76
2.56
0.49
0.60
2.10
2.96
0.77
1.35
1.38
2.76
1.84
2.10
2.21
2.56
1.72
3.02
2.44
2.90
1.61
0.80
2.13
2.38
2.50
1.52
0.29
1.84
2.30
0.66
0.54
2.67
1.38
2.24
1.64
0.37
0.89
2.67
0.77
2.01
2.44
2.64
0.52
1.12
1.29
1.49
1.41
1.15
2.90
2.59
1.49
1.18
2.50
2.79
1.15
0.95
2.36
1.95
2.87
1.90
2.24
1.75
0.43
1.35
1.46
1.23
0.52
0.57
2.64
2.82
2.41
1.95
0.40
0.60
1.87
2.67
0.77
2.67
0.37
1.78
0.29
1.09
2.84
1.61
2.36
1.52
0.49
2.27
2.41
0.92
1.12
3.05
2.64
0.80
1.03
3.07
1.52
2.33
2.87
2.67
0.77
0.98
2.59
0.89
1.70
2.76
0.75
2.59
1.55
0.43
2.99
1.95
0.37
1.98
1.58
0.46
0.86
0.66
2.73
1.61
2.36
1.32
1.84
1.35
2.53
0.95
2.56
1.44
2.82
1.38
1.64
2.76
2.47
2.84
1.44
3.02
1.95
1.06
1.64
1.78
1.01
1.72
0.72
2.76
2.44
2.36
1.49
0.92
1.84
2.87
1.03
1.75
1.23
0.20
2.64
1.18
0.77
2.47
2.24
2.01
1.67
0.86
1.61
2.76
0.43
0.49
0.77
2.53
2.87
1.46
0.29
0.34
0.77
0.57
3.05
2.07
2.38
0.80
2.64
0.75
2.70
1.35
0.49
1.61
1.70
1.75
1.55
0.54
1.87
1.23
2.41
2.79
1.90
0.89
0.69
1.81
0.89
2.84
3.02
0.26
1.06
1.18
2.15
1.58
1.87
0.60
2.24
0.75
2.73
0.34
1.70
2.90
2.87
0.29
1.67
1.72
2.90
0.37
0.66
0.66
2.01
1.46
1.81
0.34
2.18
1.23
2.53
2.15
0.34
2.36
0.57
2.56
1.70
0.83
0.23
0.52
2.76
1.55
1.55
0.40
0.80
2.38
0.80
3.05
2.47
0.57
0.34
0.72
2.82
0.83
2.41
1.52
0.49
2.82
2.73
1.78
1.92
1.64
0.75
2.61
2.04
3.07
3.02
2.87
2.67
0.80
1.03
1.35
1.44
1.49
1.92
2.82
0.89
3.07
2.04
2.61
2.93
0.20
0.89
2.10
1.15
1.92
1.12
0.34
2.99
2.27
2.27
1.70
1.29
1.98
0.23
0.77
2.07
0.69
1.67
0.63
2.93
2.64
2.41
1.03
3.02
1.84
0.77
2.64
2.84
0.40
1.58
1.67
0.57
0.49
1.58
0.66
2.24
0.89
1.75
2.30
0.43
1.58
1.01
0.69
2.36
2.96
0.40
1.78
1.87
0.34
1.35
0.69
0.29
1.23
1.84
2.84
3.05
2.15
2.21
2.50
0.95
2.87
0.75
2.59
2.96
0.89
2.73
2.53
1.21
0.29
1.84
2.73
2.15
1.61
1.26
2.38
2.15
2.99
1.03
0.32
3.02
2.82
0.57
1.64
2.04
1.72
1.01
0.46
2.53
3.02
1.15
0.57
2.56
2.18
0.37
2.30
0.20
2.27
0.80
2.53
0.89
2.93
0.63
3.02
1.81
1.15
1.52
1.84
2.70
0.77
1.21
2.82
1.44
2.41
0.86
2.84
2.53
2.01
1.41
2.33
2.82
2.56
1.32
1.15
2.70
0.37
2.33
2.33
2.56
0.52
2.01
1.18
0.95
2.38
2.61
2.93
0.52
2.73
2.13
2.82
1.35
2.15
1.72
1.12
1.84
2.07
0.92
2.93
2.01
1.78
1.38
1.18
1.90
1.98
0.54
1.26
1.58
2.15
3.02
1.44
1.87
2.24
0.83
2.38
0.86
2.64
1.23
1.06
1.87
2.18
2.79
2.73
2.01
0.63
1.03
0.80
1.41
2.53
2.61
0.89
1.49
0.89
1.46
0.37
2.99
0.20
1.29
2.27
1.64
0.34
1.23
0.43
2.56
1.46
0.52
2.21
3.02
2.44
2.33
0.40
1.26
1.98
2.67
0.66
0.54
0.77
1.75
1.29
0.40
0.72
0.86
0.49
2.47
1.55
1.87
2.64
2.01
1.78
1.09
2.73
2.13
2.27
1.67
0.75
1.92
1.09
0.57
2.79
0.54
1.72
1.70
0.63
1.61
0.57
2.13
2.01
2.36
2.47
0.49
0.49
2.01
1.64
0.37
2.13
2.73
2.36
2.07
2.87
1.29
2.04
0.89
0.34
1.64
1.21
2.99
2.84
2.96
1.01
2.99
0.57
0.80
3.02
1.41
0.86
1.64
1.18
1.29
1.70
0.37
1.46
0.26
1.15
2.59
2.82
2.87
1.18
0.49
2.24
1.01
0.46
2.38
0.54
2.56
1.44
1.95
2.15
1.18
2.27
1.98
0.54
0.89
0.26
1.41
2.73
1.35
2.87
2.90
2.41
1.90
1.70
1.12
2.13
0.37
2.53
1.23
2.82
1.67
2.01
1.98
1.06
2.41
2.79
2.73
2.96
1.15
1.09
2.01
0.86
1.67
2.13
2.21
1.90
2.76
1.95
2.67
1.72
0.57
1.35
1.38
2.79
2.82
2.50
2.61
2.61
2.99
2.59
2.59
0.69
2.79
2.90
0.66
1.03
2.30
2.53
1.98
0.54
0.43
2.59
2.21
1.52
1.46
1.72
1.44
1.72
1.78
2.73
2.70
1.18
0.89
0.66
0.20
0.26
0.83
2.87
1.35
1.03
0.54
2.33
2.38
0.86
2.79
0.46
1.58
1.75
2.67
0.46
2.44
1.52
0.66
0.37
1.32
2.70
1.09
1.55
2.01
1.75
2.10
0.66
0.89
1.18
1.46
2.27
1.75
1.95
1.12
0.49
1.98
2.01
2.18
0.54
2.36
1.92
2.04
2.01
0.54
0.57
2.96
0.32
2.50
1.81
0.98
0.92
1.78
0.26
0.57
0.77
0.43
0.60
1.03
1.98
1.46
1.72
1.12
2.87
0.37
2.44
2.76
1.84
0.63
1.55
3.02
1.01
2.50
1.87
2.07
2.87
1.72
2.59
0.37
2.21
2.70
2.76
2.87
2.30
1.29
1.12
0.75
2.50
1.92
1.92
2.27
2.67
1.70
1.95
2.18
0.66
0.72
0.89
