17 17 17 4
21 19 11 2
21 19 11 2
21 19 11 2
21 19 11 2
19 25 12 2
19 25 12 2
19 25 12 2
19 25 12 2
19 25 12 2
4 4 4 2
4 4 4 2
4 4 4 2
4 4 4 2
24 9 9 2
24 9 9 2
24 9 9 2
3 3 3 2
3 3 3 2
3 3 3 2
3 3 3 2
3 3 3 2
3 3 3 2
3 3 3 2
3 3 3 2
16 16 16 4
16 16 16 4
16 16 16 4
16 16 16 4
16 16 16 4
16 16 16 4
13 23 20 4
13 23 20 4
13 23 20 4
1 1 20 4
17 17 17 4
17 17 17 4
17 17 17 4
17 17 17 4
17 17 17 4
17 17 17 4
21 19 11 2
21 19 11 2
21 19 11 2
21 19 11 2
19 25 12 2
19 25 12 2
19 25 12 2
19 25 12 2
19 25 12 2
4 4 4 2
4 4 4 2
4 4 4 2
4 4 4 2
24 9 9 2
24 9 9 2
24 9 9 2
3 3 3 2
3 3 3 2
3 3 3 2
3 3 3 2
3 3 3 2
3 3 3 2
3 3 3 2
3 3 3 2
16 16 16 4
16 16 16 4
16 16 16 4
16 16 16 4
16 16 16 4
16 16 16 4
13 23 20 4
13 23 20 4
13 23 20 4
1 1 20 4
17 17 17 4
17 17 17 4
17 17 17 4
17 17 17 4
17 17 17 4
17 17 17 4
21 19 11 2
21 19 11 2
21 19 11 2
21 19 11 2
19 25 12 2
19 25 12 2
19 25 12 2
19 25 12 2
19 25 12 2
29 4 4 2
29 4 4 2
4 4 4 2
4 4 4 2
24 9 9 2
24 9 9 2
24 9 9 2
24 9 9 2
3 3 3 2
3 3 3 2
3 3 3 2
3 3 3 2
3 3 3 2
3 3 3 2
3 3 3 2
16 16 16 4
16 16 16 4
16 16 16 4
16 16 16 4
16 16 16 4
16 16 16 4
13 23 20 4
13 23 20 4
13 23 20 4
1 1 20 4
17 17 17 4
17 17 17 4
17 17 17 4
17 17 17 4
17 17 17 4
17 17 17 4
21 19 11 2
21 19 11 2
21 19 11 2
21 19 11 2
19 25 12 2
19 25 12 2
19 25 12 2
19 25 12 2
19 25 12 2
4 4 4 2
4 4 4 2
4 4 4 2
24 9 9 2
24 9 9 2
24 9 9 2
24 9 9 2
24 9 9 2
20 20 10 3
3 3 3 2
3 3 3 2
3 3 3 2
3 3 3 2
3 3 3 2
16 16 16 4
16 16 16 4
16 16 16 4
16 16 16 4
16 16 16 4
16 16 16 4
16 16 16 4
13 23 20 4
13 23 20 4
13 23 20 4
1 1 20 4
17 17 17 4
17 17 17 4
17 17 17 4
17 17 17 4
17 17 17 4
21 19 11 2
21 19 11 2
21 19 11 2
21 19 11 2
21 19 11 2
21 19 11 2
19 25 12 2
19 25 12 2
19 25 12 2
19 25 12 2
4 4 4 2
4 4 4 2
4 4 4 2
24 9 9 2
24 9 9 2
24 9 9 2
24 9 9 2
7 20 10 3
20 20 10 3
20 20 10 3
3 3 3 2
3 3 3 2
3 3 3 2
3 3 3 2
16 16 16 4
16 16 16 4
16 16 16 4
16 16 16 4
16 16 16 4
16 16 16 4
16 16 16 4
13 23 20 4
13 23 20 4
1 1 20 4
1 1 20 4
1 1 20 4
17 17 17 4
17 17 17 4
17 17 17 4
17 17 17 4
21 19 11 2
21 19 11 2
21 19 11 2
21 19 11 2
21 19 11 2
11 11 19 2
19 25 12 2
19 25 12 2
19 25 12 2
15 25 12 2
15 25 12 2
15 25 12 2
4 4 4 2
24 9 9 2
24 9 9 2
24 9 9 2
24 9 9 2
7 20 10 3
20 20 10 3
20 20 10 3
20 20 10 3
3 3 3 2
3 3 3 2
3 3 3 2
16 16 16 4
16 16 16 4
16 16 16 4
16 16 16 4
16 16 16 4
16 16 16 4
16 16 16 4
13 23 20 4
13 23 20 4
1 1 20 4
1 1 20 4
1 1 20 4
17 17 17 4
17 17 17 4
17 17 17 4
17 17 17 4
21 19 11 2
21 19 11 2
21 19 11 2
21 19 11 2
21 19 11 2
11 11 19 2
11 11 19 2
19 25 12 2
19 25 12 2
12 12 12 2
12 12 12 2
12 12 12 2
12 12 12 2
24 9 9 2
24 9 9 2
24 9 9 2
7 20 10 3
7 20 10 3
20 20 10 3
20 20 10 3
20 20 10 3
20 20 10 3
20 20 10 3
28 13 13 3
28 13 13 3
28 13 13 3
16 16 16 4
16 16 16 4
16 16 16 4
16 16 16 4
13 23 20 4
13 23 20 4
13 23 20 4
1 1 20 4
1 1 20 4
1 1 20 4
1 1 20 4
17 17 17 4
17 17 17 4
17 17 17 4
21 19 11 2
21 19 11 2
21 19 11 2
21 19 11 2
11 11 19 2
11 11 19 2
11 11 19 2
19 25 12 2
30 5 5 2
30 5 5 2
12 12 12 2
12 12 12 2
12 12 12 2
24 9 9 2
24 9 9 2
24 9 9 2
7 20 10 3
7 20 10 3
20 20 10 3
20 20 10 3
20 20 10 3
20 20 10 3
20 20 10 3
28 13 13 3
28 13 13 3
28 13 13 3
25 13 13 3
16 16 16 4
16 16 16 4
16 16 16 4
16 16 16 4
13 23 20 4
13 23 20 4
1 1 20 4
1 1 20 4
1 1 20 4
1 1 20 4
1 1 20 4
1 1 20 4
1 1 20 4
11 11 19 2
11 11 19 2
11 11 19 2
11 11 19 2
11 11 19 2
11 11 19 2
11 11 19 2
19 25 12 2
30 5 5 2
30 5 5 2
12 12 12 2
12 12 12 2
12 12 12 2
12 12 12 2
24 9 9 2
7 20 10 3
7 20 10 3
7 20 10 3
20 20 10 3
20 20 10 3
20 20 10 3
20 20 10 3
28 13 13 3
28 13 13 3
28 13 13 3
28 13 13 3
25 13 13 3
16 16 16 4
16 16 16 4
16 16 16 4
16 16 16 4
13 23 20 4
13 23 20 4
1 1 20 4
1 1 20 4
1 1 20 4
1 1 20 4
1 1 20 4
1 1 20 4
1 1 20 4
11 11 19 2
11 11 19 2
11 11 19 2
11 11 19 2
11 11 19 2
11 11 19 2
11 11 19 2
11 11 19 2
30 5 5 2
30 5 5 2
30 5 5 2
12 12 12 2
12 12 12 2
12 12 12 2
24 9 9 2
7 20 10 3
7 20 10 3
7 20 10 3
20 20 10 3
20 20 10 3
20 20 10 3
20 20 10 3
28 13 13 3
28 13 13 3
28 13 13 3
28 13 13 3
25 13 13 3
25 13 13 3
16 16 16 4
16 16 16 4
16 16 16 4
13 23 20 4
13 23 20 4
1 1 20 4
1 1 20 4
1 1 20 4
1 1 20 4
1 1 20 4
1 1 20 4
1 1 20 4
14 0 0 2
26 0 0 2
11 11 19 2
11 11 19 2
11 11 19 2
11 11 19 2
11 11 19 2
30 5 5 2
30 5 5 2
30 5 5 2
30 5 5 2
12 12 12 2
12 12 12 2
12 12 12 2
24 9 9 2
7 20 10 3
7 20 10 3
7 20 10 3
20 20 10 3
20 20 10 3
20 20 10 3
28 13 13 3
28 13 13 3
28 13 13 3
28 13 13 3
28 13 13 3
25 13 13 3
25 13 13 3
16 16 16 4
16 16 16 4
16 16 16 4
13 23 20 4
13 23 20 4
33 18 1 4
1 1 20 4
1 1 20 4
1 1 20 4
1 1 20 4
1 1 20 4
14 0 0 2
14 0 0 2
26 0 0 2
26 0 0 2
11 11 19 2
11 11 19 2
11 11 19 2
11 11 19 2
30 5 5 2
30 5 5 2
10 5 5 2
10 5 5 2
10 5 5 2
12 12 12 2
12 12 12 2
24 9 9 2
32 6 6 0
32 6 6 0
7 20 10 3
20 20 10 3
20 20 10 3
28 13 13 3
28 13 13 3
28 13 13 3
28 13 13 3
28 13 13 3
28 13 13 3
25 13 13 3
25 13 13 3
16 16 16 4
16 16 16 4
33 18 1 4
33 18 1 4
33 18 1 4
33 18 1 4
18 18 1 4
18 18 1 4
18 18 1 4
18 18 1 4
18 18 1 4
14 0 0 2
14 0 0 2
26 0 0 2
26 0 0 2
26 0 0 2
11 11 19 2
11 11 19 2
11 11 19 2
30 5 5 2
30 5 5 2
30 5 5 2
30 5 5 2
30 5 5 2
12 12 12 2
12 12 12 2
32 6 6 0
32 6 6 0
32 6 6 0
32 6 6 0
32 6 6 0
32 6 6 0
32 6 6 0
28 13 13 3
28 13 13 3
28 13 13 3
28 13 13 3
28 13 13 3
25 13 13 3
25 13 13 3
25 13 13 3
25 13 13 3
33 18 1 4
33 18 1 4
33 18 1 4
33 18 1 4
18 18 1 4
18 18 1 4
18 18 1 4
18 18 1 4
14 0 0 2
14 0 0 2
14 0 0 2
26 0 0 2
26 0 0 2
26 0 0 2
11 11 19 2
11 11 19 2
30 5 5 2
30 5 5 2
30 5 5 2
30 5 5 2
30 5 5 2
30 5 5 2
12 12 12 2
32 6 6 0
32 6 6 0
32 6 6 0
32 6 6 0
32 6 6 0
32 6 6 0
32 6 6 0
32 6 6 0
28 13 13 3
28 13 13 3
28 13 13 3
28 13 13 3
28 13 13 3
25 13 13 3
25 13 13 3
25 13 13 3
25 13 13 3
33 18 1 4
33 18 1 4
33 18 1 4
33 18 1 4
18 18 1 4
18 18 1 4
18 18 1 4
18 18 1 4
14 0 0 2
14 0 0 2
14 0 0 2
26 0 0 2
26 0 0 2
26 0 0 2
26 0 0 2
11 11 19 2
30 5 5 2
30 5 5 2
30 5 5 2
30 5 5 2
30 5 5 2
30 5 5 2
9 15 15 0
32 6 6 0
32 6 6 0
32 6 6 0
32 6 6 0
32 6 6 0
32 6 6 0
32 6 6 0
32 6 6 0
32 6 6 0
28 13 13 3
28 13 13 3
28 13 13 3
28 13 13 3
25 13 13 3
25 13 13 3
25 13 13 3
25 13 13 3
33 18 1 4
33 18 1 4
33 18 1 4
33 18 1 4
18 18 1 4
18 18 1 4
18 18 1 4
18 18 1 4
14 0 0 2
14 0 0 2
14 0 0 2
26 0 0 2
26 0 0 2
26 0 0 2
26 0 0 2
30 5 5 2
30 5 5 2
30 5 5 2
30 5 5 2
5 5 5 2
5 5 5 2
5 5 5 2
9 15 15 0
9 15 15 0
27 6 6 0
27 6 6 0
32 6 6 0
6 6 6 0
6 6 6 0
6 6 6 0
6 6 6 0
6 6 6 0
28 13 13 3
28 13 13 3
28 13 13 3
28 13 13 3
25 13 13 3
25 13 13 3
25 13 13 3
25 13 13 3
2 2 2 4
2 2 2 4
2 2 2 4
33 18 1 4
18 18 1 4
18 18 1 4
18 18 1 4
0 14 14 0
14 0 0 2
14 0 0 2
14 0 0 2
26 0 0 2
26 0 0 2
26 0 0 2
31 8 8 0
31 8 8 0
8 8 8 0
8 8 8 0
30 5 5 2
30 5 5 2
30 5 5 2
30 5 5 2
9 15 15 0
9 15 15 0
27 6 6 0
27 6 6 0
6 6 6 0
6 6 6 0
6 6 6 0
6 6 6 0
6 6 6 0
6 6 6 0
6 6 6 0
23 7 7 1
28 13 13 3
28 13 13 3
25 13 13 3
25 13 13 3
25 13 13 3
2 2 2 4
2 2 2 4
2 2 2 4
2 2 2 4
33 18 1 4
18 18 1 4
18 18 1 4
0 14 14 0
0 14 14 0
14 0 0 2
14 0 0 2
14 0 0 2
26 0 0 2
26 0 0 2
26 0 0 2
31 8 8 0
31 8 8 0
8 8 8 0
8 8 8 0
30 5 5 2
30 5 5 2
30 5 5 2
9 15 15 0
9 15 15 0
9 15 15 0
27 6 6 0
27 6 6 0
27 6 6 0
6 6 6 0
6 6 6 0
6 6 6 0
6 6 6 0
6 6 6 0
23 7 7 1
23 7 7 1
23 7 7 1
25 13 13 3
25 13 13 3
25 13 13 3
25 13 13 3
2 2 2 4
2 2 2 4
2 2 2 4
2 2 2 4
33 18 1 4
18 18 1 4
18 18 1 4
0 14 14 0
0 14 14 0
22 14 14 0
14 0 0 2
14 0 0 2
26 0 0 2
26 0 0 2
31 8 8 0
31 8 8 0
31 8 8 0
8 8 8 0
8 8 8 0
30 5 5 2
30 5 5 2
30 5 5 2
9 15 15 0
9 15 15 0
9 15 15 0
27 6 6 0
27 6 6 0
27 6 6 0
6 6 6 0
6 6 6 0
6 6 6 0
6 6 6 0
23 7 7 1
23 7 7 1
23 7 7 1
23 7 7 1
25 13 13 3
25 13 13 3
25 13 13 3
25 13 13 3
2 2 2 4
2 2 2 4
2 2 2 4
2 2 2 4
2 2 2 4
2 2 2 4
0 14 14 0
0 14 14 0
0 14 14 0
22 14 14 0
22 14 14 0
22 14 14 0
22 14 14 0
31 8 8 0
31 8 8 0
31 8 8 0
31 8 8 0
8 8 8 0
8 8 8 0
8 8 8 0
8 8 8 0
8 8 8 0
9 15 15 0
9 15 15 0
9 15 15 0
27 6 6 0
27 6 6 0
27 6 6 0
6 6 6 0
6 6 6 0
6 6 6 0
6 6 6 0
23 7 7 1
23 7 7 1
23 7 7 1
23 7 7 1
23 7 7 1
25 13 13 3
25 13 13 3
25 13 13 3
2 2 2 4
2 2 2 4
2 2 2 4
2 2 2 4
2 2 2 4
2 2 2 4
0 14 14 0
0 14 14 0
0 14 14 0
22 14 14 0
22 14 14 0
22 14 14 0
22 14 14 0
31 8 8 0
31 8 8 0
31 8 8 0
31 8 8 0
8 8 8 0
8 8 8 0
8 8 8 0
8 8 8 0
8 8 8 0
9 15 15 0
9 15 15 0
9 15 15 0
9 15 15 0
27 6 6 0
27 6 6 0
6 6 6 0
6 6 6 0
6 6 6 0
23 7 7 1
23 7 7 1
23 7 7 1
23 7 7 1
23 7 7 1
23 7 7 1
25 13 13 3
25 13 13 3
25 13 13 3
2 2 2 4
2 2 2 4
2 2 2 4
2 2 2 4
2 2 2 4
2 2 2 4
0 14 14 0
0 14 14 0
0 14 14 0
22 14 14 0
22 14 14 0
22 14 14 0
22 14 14 0
31 8 8 0
31 8 8 0
31 8 8 0
31 8 8 0
31 8 8 0
8 8 8 0
8 8 8 0
8 8 8 0
8 8 8 0
9 15 15 0
9 15 15 0
9 15 15 0
9 15 15 0
27 6 6 0
27 6 6 0
6 6 6 0
6 6 6 0
23 7 7 1
23 7 7 1
23 7 7 1
23 7 7 1
23 7 7 1
23 7 7 1
23 7 7 1
23 7 7 1
23 7 7 1
25 13 13 3
2 2 2 4
2 2 2 4
2 2 2 4
2 2 2 4
2 2 2 4
2 2 2 4
0 14 14 0
0 14 14 0
0 14 14 0
22 14 14 0
22 14 14 0
22 14 14 0
22 14 14 0
31 8 8 0
31 8 8 0
31 8 8 0
31 8 8 0
31 8 8 0
8 8 8 0
8 8 8 0
8 8 8 0
9 15 15 0
9 15 15 0
9 15 15 0
9 15 15 0
9 15 15 0
9 15 15 0
9 15 15 0
9 15 15 0
9 15 15 0
23 7 7 1
23 7 7 1
23 7 7 1
23 7 7 1
23 7 7 1
23 7 7 1
23 7 7 1
23 7 7 1
23 7 7 1
25 13 13 3
2 2 2 4
2 2 2 4
2 2 2 4
2 2 2 4
2 2 2 4
2 2 2 4
0 14 14 0
0 14 14 0
0 14 14 0
22 14 14 0
22 14 14 0
22 14 14 0
31 8 8 0
31 8 8 0
31 8 8 0
31 8 8 0
31 8 8 0
31 8 8 0
8 8 8 0
8 8 8 0
8 8 8 0
9 15 15 0
9 15 15 0
9 15 15 0
9 15 15 0
9 15 15 0
9 15 15 0
9 15 15 0
9 15 15 0
9 15 15 0
23 7 7 1
23 7 7 1
23 7 7 1
23 7 7 1
23 7 7 1
23 7 7 1
23 7 7 1
23 7 7 1
23 7 7 1
25 13 13 3
2 2 2 4
2 2 2 4
2 2 2 4
2 2 2 4
2 2 2 4
2 2 2 4
2 2 2 4
0 14 14 0
0 14 14 0
22 14 14 0
22 14 14 0
