17 17 17 2
17 17 17 2
17 17 17 2
19 25 4 2
19 25 4 2
19 25 4 2
19 25 4 2
19 25 4 2
19 25 4 2
19 25 4 2
29 4 4 2
29 4 4 2
4 4 4 2
4 4 4 2
4 4 4 2
4 4 4 2
4 4 4 2
3 3 3 4
3 3 3 4
3 3 3 4
3 3 3 4
3 3 3 4
3 3 3 4
3 3 3 4
28 13 13 4
28 13 13 4
16 16 16 3
16 16 16 3
16 16 16 3
16 16 16 3
16 16 16 3
13 23 20 3
13 23 20 3
17 17 17 2
17 17 17 2
17 17 17 2
17 17 17 2
17 17 17 2
17 17 17 2
17 17 17 2
17 17 17 2
17 17 17 2
17 17 17 2
19 25 4 2
19 25 4 2
19 25 4 2
19 25 4 2
19 25 4 2
19 25 4 2
19 25 4 2
29 4 4 2
29 4 4 2
4 4 4 2
4 4 4 2
4 4 4 2
4 4 4 2
4 4 4 2
3 3 3 4
3 3 3 4
3 3 3 4
3 3 3 4
3 3 3 4
3 3 3 4
3 3 3 4
3 3 3 4
28 13 13 4
16 16 16 3
16 16 16 3
16 16 16 3
16 16 16 3
16 16 16 3
13 23 20 3
13 23 20 3
17 17 17 2
17 17 17 2
17 17 17 2
17 17 17 2
17 17 17 2
17 17 17 2
17 17 17 2
17 17 17 2
17 17 17 2
17 17 17 2
19 25 4 2
19 25 4 2
19 25 4 2
19 25 4 2
19 25 4 2
19 25 4 2
19 25 4 2
29 4 4 2
29 4 4 2
4 4 4 2
4 4 4 2
24 9 9 2
24 9 9 2
24 9 9 2
20 20 10 4
20 20 10 4
3 3 3 4
3 3 3 4
3 3 3 4
3 3 3 4
3 3 3 4
28 13 13 4
28 13 13 4
16 16 16 3
16 16 16 3
16 16 16 3
16 16 16 3
16 16 16 3
13 23 20 3
13 23 20 3
17 17 17 2
17 17 17 2
17 17 17 2
17 17 17 2
17 17 17 2
17 17 17 2
17 17 17 2
17 17 17 2
17 17 17 2
11 11 19 2
11 11 19 2
11 11 19 2
11 11 19 2
19 25 4 2
19 25 4 2
19 25 4 2
15 12 12 2
15 12 12 2
29 4 4 2
4 4 4 2
24 9 9 2
24 9 9 2
24 9 9 2
24 9 9 2
20 20 10 4
20 20 10 4
3 3 3 4
3 3 3 4
3 3 3 4
3 3 3 4
28 13 13 4
28 13 13 4
28 13 13 4
16 16 16 3
16 16 16 3
16 16 16 3
16 16 16 3
16 16 16 3
13 23 20 3
13 23 20 3
13 23 20 3
17 17 17 2
17 17 17 2
17 17 17 2
17 17 17 2
17 17 17 2
17 17 17 2
21 19 11 2
21 19 11 2
21 19 11 2
21 19 11 2
21 19 11 2
11 11 19 2
19 25 4 2
19 25 4 2
19 25 4 2
15 12 12 2
15 12 12 2
12 12 12 2
24 9 9 2
24 9 9 2
24 9 9 2
24 9 9 2
24 9 9 2
7 20 10 4
20 20 10 4
20 20 10 4
3 3 3 4
3 3 3 4
3 3 3 4
28 13 13 4
28 13 13 4
28 13 13 4
16 16 16 3
16 16 16 3
16 16 16 3
16 16 16 3
13 23 20 3
13 23 20 3
13 23 20 3
13 23 20 3
1 1 20 3
17 17 17 2
17 17 17 2
17 17 17 2
17 17 17 2
17 17 17 2
14 0 0 0
14 0 0 0
11 11 19 2
11 11 19 2
11 11 19 2
11 11 19 2
11 11 19 2
19 25 4 2
15 12 12 2
15 12 12 2
15 12 12 2
12 12 12 2
12 12 12 2
24 9 9 2
24 9 9 2
24 9 9 2
24 9 9 2
7 20 10 4
20 20 10 4
20 20 10 4
3 3 3 4
3 3 3 4
3 3 3 4
28 13 13 4
28 13 13 4
28 13 13 4
16 16 16 3
16 16 16 3
16 16 16 3
16 16 16 3
13 23 20 3
13 23 20 3
13 23 20 3
13 23 20 3
1 1 20 3
1 1 20 3
17 17 17 2
17 17 17 2
17 17 17 2
17 17 17 2
14 0 0 0
14 0 0 0
11 11 19 2
11 11 19 2
11 11 19 2
11 11 19 2
11 11 19 2
19 25 4 2
15 12 12 2
15 12 12 2
15 12 12 2
12 12 12 2
12 12 12 2
12 12 12 2
24 9 9 2
24 9 9 2
7 20 10 4
7 20 10 4
20 20 10 4
20 20 10 4
20 20 10 4
20 20 10 4
20 20 10 4
28 13 13 4
28 13 13 4
28 13 13 4
28 13 13 4
16 16 16 3
16 16 16 3
13 23 20 3
13 23 20 3
13 23 20 3
13 23 20 3
13 23 20 3
1 1 20 3
1 1 20 3
1 1 20 3
17 17 17 2
17 17 17 2
17 17 17 2
14 0 0 0
14 0 0 0
11 11 19 2
11 11 19 2
11 11 19 2
11 11 19 2
11 11 19 2
11 11 19 2
15 12 12 2
15 12 12 2
15 12 12 2
12 12 12 2
12 12 12 2
12 12 12 2
24 9 9 2
7 20 10 4
7 20 10 4
7 20 10 4
20 20 10 4
20 20 10 4
20 20 10 4
20 20 10 4
20 20 10 4
28 13 13 4
28 13 13 4
28 13 13 4
25 13 13 4
16 16 16 3
16 16 16 3
13 23 20 3
13 23 20 3
13 23 20 3
13 23 20 3
1 1 20 3
1 1 20 3
1 1 20 3
1 1 20 3
17 17 17 2
17 17 17 2
14 0 0 0
14 0 0 0
14 0 0 0
11 11 19 2
11 11 19 2
11 11 19 2
11 11 19 2
11 11 19 2
11 11 19 2
10 21 18 2
10 21 18 2
15 12 12 2
12 12 12 2
12 12 12 2
12 12 12 2
7 20 10 4
7 20 10 4
7 20 10 4
7 20 10 4
20 20 10 4
20 20 10 4
20 20 10 4
20 20 10 4
28 13 13 4
28 13 13 4
28 13 13 4
28 13 13 4
25 13 13 4
25 13 13 4
16 16 16 3
13 23 20 3
13 23 20 3
13 23 20 3
1 1 20 3
1 1 20 3
1 1 20 3
1 1 20 3
1 1 20 3
1 1 20 3
1 1 20 3
14 0 0 0
14 0 0 0
14 0 0 0
11 11 19 2
11 11 19 2
11 11 19 2
11 11 19 2
11 11 19 2
11 11 19 2
10 21 18 2
10 21 18 2
10 21 18 2
12 12 12 2
12 12 12 2
12 12 12 2
7 20 10 4
7 20 10 4
7 20 10 4
7 20 10 4
20 20 10 4
20 20 10 4
20 20 10 4
20 20 10 4
28 13 13 4
28 13 13 4
28 13 13 4
28 13 13 4
25 13 13 4
25 13 13 4
25 13 13 4
13 23 20 3
13 23 20 3
13 23 20 3
1 1 20 3
1 1 20 3
1 1 20 3
1 1 20 3
1 1 20 3
1 1 20 3
14 0 0 0
14 0 0 0
14 0 0 0
14 0 0 0
11 11 19 2
11 11 19 2
11 11 19 2
11 11 19 2
11 11 19 2
11 11 19 2
10 21 18 2
10 21 18 2
10 21 18 2
10 21 18 2
10 21 18 2
10 21 18 2
7 20 10 4
7 20 10 4
7 20 10 4
7 20 10 4
20 20 10 4
20 20 10 4
20 20 10 4
20 20 10 4
28 13 13 4
28 13 13 4
28 13 13 4
28 13 13 4
25 13 13 4
25 13 13 4
25 13 13 4
25 13 13 4
13 23 20 3
13 23 20 3
1 1 20 3
1 1 20 3
1 1 20 3
1 1 20 3
1 1 20 3
1 1 20 3
14 0 0 0
14 0 0 0
14 0 0 0
14 0 0 0
14 0 0 0
11 11 19 2
11 11 19 2
11 11 19 2
11 11 19 2
10 21 18 2
10 21 18 2
10 21 18 2
10 21 18 2
10 21 18 2
10 21 18 2
10 21 18 2
32 6 6 0
32 6 6 0
32 6 6 0
7 20 10 4
20 20 10 4
20 20 10 4
20 20 10 4
28 13 13 4
28 13 13 4
28 13 13 4
28 13 13 4
28 13 13 4
25 13 13 4
25 13 13 4
25 13 13 4
25 13 13 4
25 13 13 4
13 23 20 3
33 18 1 4
33 18 1 4
18 18 1 4
18 18 1 4
18 18 1 4
14 0 0 0
14 0 0 0
14 0 0 0
14 0 0 0
14 0 0 0
14 0 0 0
11 11 19 2
11 11 19 2
11 11 19 2
11 11 19 2
30 5 5 0
30 5 5 0
10 21 18 2
10 21 18 2
10 21 18 2
10 21 18 2
32 6 6 0
32 6 6 0
32 6 6 0
32 6 6 0
32 6 6 0
20 20 10 4
20 20 10 4
20 20 10 4
28 13 13 4
28 13 13 4
28 13 13 4
28 13 13 4
28 13 13 4
25 13 13 4
25 13 13 4
25 13 13 4
25 13 13 4
25 13 13 4
33 18 1 4
33 18 1 4
33 18 1 4
18 18 1 4
18 18 1 4
18 18 1 4
18 18 1 4
14 0 0 0
14 0 0 0
14 0 0 0
14 0 0 0
14 0 0 0
11 11 19 2
11 11 19 2
11 11 19 2
11 11 19 2
30 5 5 0
30 5 5 0
5 5 5 0
5 5 5 0
5 5 5 0
5 5 5 0
32 6 6 0
32 6 6 0
32 6 6 0
32 6 6 0
32 6 6 0
32 6 6 0
6 6 6 0
20 20 10 4
28 13 13 4
28 13 13 4
28 13 13 4
28 13 13 4
28 13 13 4
25 13 13 4
25 13 13 4
25 13 13 4
25 13 13 4
33 18 1 4
33 18 1 4
33 18 1 4
33 18 1 4
18 18 1 4
18 18 1 4
18 18 1 4
18 18 1 4
14 0 0 0
14 0 0 0
14 0 0 0
26 0 0 0
26 0 0 0
26 0 0 0
11 11 19 2
11 11 19 2
30 5 5 0
30 5 5 0
30 5 5 0
5 5 5 0
5 5 5 0
5 5 5 0
5 5 5 0
32 6 6 0
32 6 6 0
32 6 6 0
32 6 6 0
32 6 6 0
32 6 6 0
6 6 6 0
6 6 6 0
6 6 6 0
28 13 13 4
28 13 13 4
28 13 13 4
28 13 13 4
25 13 13 4
25 13 13 4
25 13 13 4
25 13 13 4
33 18 1 4
33 18 1 4
33 18 1 4
33 18 1 4
18 18 1 4
18 18 1 4
18 18 1 4
0 14 14 0
14 0 0 0
14 0 0 0
14 0 0 0
14 0 0 0
14 0 0 0
14 0 0 0
11 11 19 2
11 11 19 2
30 5 5 0
30 5 5 0
30 5 5 0
5 5 5 0
5 5 5 0
5 5 5 0
5 5 5 0
27 6 6 0
27 6 6 0
27 6 6 0
32 6 6 0
6 6 6 0
6 6 6 0
6 6 6 0
6 6 6 0
6 6 6 0
28 13 13 4
28 13 13 4
28 13 13 4
28 13 13 4
25 13 13 4
25 13 13 4
25 13 13 4
25 13 13 4
33 18 1 4
33 18 1 4
33 18 1 4
33 18 1 4
18 18 1 4
18 18 1 4
18 18 1 4
0 14 14 0
14 0 0 0
14 0 0 0
14 0 0 0
14 0 0 0
14 0 0 0
14 0 0 0
31 8 8 0
31 8 8 0
31 8 8 0
30 5 5 0
30 5 5 0
5 5 5 0
5 5 5 0
5 5 5 0
5 5 5 0
27 6 6 0
27 6 6 0
27 6 6 0
6 6 6 0
6 6 6 0
6 6 6 0
6 6 6 0
6 6 6 0
6 6 6 0
28 13 13 4
28 13 13 4
28 13 13 4
28 13 13 4
25 13 13 4
25 13 13 4
25 13 13 4
25 13 13 4
2 2 2 1
2 2 2 1
2 2 2 1
33 18 1 4
18 18 1 4
18 18 1 4
0 14 14 0
0 14 14 0
22 14 14 0
14 0 0 0
14 0 0 0
14 0 0 0
14 0 0 0
31 8 8 0
31 8 8 0
31 8 8 0
31 8 8 0
8 8 8 0
30 5 5 0
5 5 5 0
5 5 5 0
5 5 5 0
27 6 6 0
27 6 6 0
27 6 6 0
27 6 6 0
27 6 6 0
6 6 6 0
6 6 6 0
6 6 6 0
6 6 6 0
6 6 6 0
28 13 13 4
28 13 13 4
28 13 13 4
28 13 13 4
25 13 13 4
25 13 13 4
25 13 13 4
2 2 2 1
2 2 2 1
2 2 2 1
2 2 2 1
33 18 1 4
18 18 1 4
0 14 14 0
0 14 14 0
0 14 14 0
22 14 14 0
14 0 0 0
14 0 0 0
14 0 0 0
14 0 0 0
31 8 8 0
31 8 8 0
31 8 8 0
8 8 8 0
8 8 8 0
8 8 8 0
5 5 5 0
5 5 5 0
5 5 5 0
27 6 6 0
27 6 6 0
27 6 6 0
27 6 6 0
27 6 6 0
6 6 6 0
6 6 6 0
6 6 6 0
6 6 6 0
6 6 6 0
28 13 13 4
28 13 13 4
28 13 13 4
28 13 13 4
25 13 13 4
25 13 13 4
2 2 2 1
2 2 2 1
2 2 2 1
2 2 2 1
2 2 2 1
2 2 2 1
2 2 2 1
0 14 14 0
0 14 14 0
0 14 14 0
22 14 14 0
22 14 14 0
14 0 0 0
14 0 0 0
14 0 0 0
31 8 8 0
31 8 8 0
31 8 8 0
8 8 8 0
8 8 8 0
8 8 8 0
8 8 8 0
8 8 8 0
9 15 15 0
9 15 15 0
9 15 15 0
27 6 6 0
27 6 6 0
27 6 6 0
6 6 6 0
6 6 6 0
6 6 6 0
6 6 6 0
6 6 6 0
28 13 13 4
28 13 13 4
28 13 13 4
28 13 13 4
25 13 13 4
25 13 13 4
2 2 2 1
2 2 2 1
2 2 2 1
2 2 2 1
2 2 2 1
2 2 2 1
2 2 2 1
0 14 14 0
0 14 14 0
0 14 14 0
22 14 14 0
22 14 14 0
14 0 0 0
14 0 0 0
31 8 8 0
31 8 8 0
31 8 8 0
31 8 8 0
8 8 8 0
8 8 8 0
8 8 8 0
8 8 8 0
8 8 8 0
9 15 15 0
9 15 15 0
9 15 15 0
9 15 15 0
27 6 6 0
27 6 6 0
6 6 6 0
6 6 6 0
6 6 6 0
23 7 7 4
23 7 7 4
23 7 7 4
23 7 7 4
23 7 7 4
23 7 7 4
25 13 13 4
25 13 13 4
2 2 2 1
2 2 2 1
2 2 2 1
2 2 2 1
2 2 2 1
2 2 2 1
2 2 2 1
0 14 14 0
0 14 14 0
0 14 14 0
22 14 14 0
22 14 14 0
14 0 0 0
14 0 0 0
31 8 8 0
31 8 8 0
31 8 8 0
31 8 8 0
31 8 8 0
8 8 8 0
8 8 8 0
8 8 8 0
8 8 8 0
9 15 15 0
9 15 15 0
9 15 15 0
9 15 15 0
9 15 15 0
9 15 15 0
6 6 6 0
6 6 6 0
6 6 6 0
23 7 7 4
23 7 7 4
23 7 7 4
23 7 7 4
23 7 7 4
23 7 7 4
23 7 7 4
23 7 7 4
2 2 2 1
2 2 2 1
2 2 2 1
2 2 2 1
2 2 2 1
2 2 2 1
2 2 2 1
0 14 14 0
0 14 14 0
0 14 14 0
22 14 14 0
22 14 14 0
14 0 0 0
14 0 0 0
31 8 8 0
31 8 8 0
31 8 8 0
31 8 8 0
31 8 8 0
8 8 8 0
8 8 8 0
8 8 8 0
9 15 15 0
9 15 15 0
9 15 15 0
9 15 15 0
9 15 15 0
9 15 15 0
9 15 15 0
6 6 6 0
6 6 6 0
23 7 7 4
23 7 7 4
23 7 7 4
23 7 7 4
23 7 7 4
23 7 7 4
23 7 7 4
23 7 7 4
23 7 7 4
23 7 7 4
2 2 2 1
2 2 2 1
2 2 2 1
2 2 2 1
2 2 2 1
2 2 2 1
0 14 14 0
0 14 14 0
0 14 14 0
22 14 14 0
22 14 14 0
14 0 0 0
14 0 0 0
31 8 8 0
31 8 8 0
31 8 8 0
31 8 8 0
31 8 8 0
8 8 8 0
8 8 8 0
8 8 8 0
9 15 15 0
9 15 15 0
9 15 15 0
9 15 15 0
9 15 15 0
9 15 15 0
9 15 15 0
6 6 6 0
6 6 6 0
23 7 7 4
23 7 7 4
23 7 7 4
23 7 7 4
23 7 7 4
23 7 7 4
23 7 7 4
23 7 7 4
23 7 7 4
23 7 7 4
2 2 2 1
2 2 2 1
2 2 2 1
2 2 2 1
2 2 2 1
2 2 2 1
0 14 14 0
0 14 14 0
0 14 14 0
22 14 14 0
22 14 14 0
