17 17 17 4
21 19 11 3
21 19 11 3
21 19 11 3
21 19 11 3
19 25 4 2
19 25 4 2
19 25 4 2
19 25 4 2
29 4 4 2
29 4 4 2
29 4 4 2
4 4 4 2
4 4 4 2
24 9 9 2
24 9 9 2
7 20 10 2
7 20 10 2
3 3 3 2
3 3 3 2
3 3 3 2
3 3 3 2
3 3 3 2
3 3 3 2
3 3 3 2
3 3 3 2
16 16 16 2
16 16 16 2
16 16 16 2
16 16 16 2
16 16 16 2
13 23 20 2
13 23 20 2
17 17 17 4
17 17 17 4
17 17 17 4
17 17 17 4
17 17 17 4
17 17 17 4
17 17 17 4
17 17 17 4
21 19 11 3
21 19 11 3
21 19 11 3
21 19 11 3
19 25 4 2
19 25 4 2
19 25 4 2
19 25 4 2
29 4 4 2
29 4 4 2
29 4 4 2
4 4 4 2
4 4 4 2
24 9 9 2
24 9 9 2
7 20 10 2
7 20 10 2
3 3 3 2
3 3 3 2
3 3 3 2
3 3 3 2
3 3 3 2
3 3 3 2
3 3 3 2
3 3 3 2
16 16 16 2
16 16 16 2
16 16 16 2
16 16 16 2
16 16 16 2
13 23 20 2
13 23 20 2
1 1 20 4
1 1 20 4
17 17 17 4
17 17 17 4
17 17 17 4
17 17 17 4
17 17 17 4
17 17 17 4
21 19 11 3
21 19 11 3
21 19 11 3
21 19 11 3
19 25 4 2
19 25 4 2
19 25 4 2
19 25 4 2
19 25 4 2
29 4 4 2
29 4 4 2
4 4 4 2
4 4 4 2
24 9 9 2
24 9 9 2
7 20 10 2
7 20 10 2
3 3 3 2
3 3 3 2
3 3 3 2
3 3 3 2
3 3 3 2
3 3 3 2
3 3 3 2
16 16 16 2
16 16 16 2
16 16 16 2
16 16 16 2
16 16 16 2
16 16 16 2
13 23 20 2
13 23 20 2
1 1 20 4
1 1 20 4
17 17 17 4
17 17 17 4
17 17 17 4
17 17 17 4
17 17 17 4
17 17 17 4
21 19 11 3
21 19 11 3
21 19 11 3
21 19 11 3
21 19 11 3
19 25 4 2
19 25 4 2
19 25 4 2
15 12 12 3
15 12 12 3
29 4 4 2
4 4 4 2
24 9 9 2
24 9 9 2
24 9 9 2
7 20 10 2
7 20 10 2
3 3 3 2
3 3 3 2
3 3 3 2
3 3 3 2
3 3 3 2
3 3 3 2
3 3 3 2
16 16 16 2
16 16 16 2
16 16 16 2
16 16 16 2
16 16 16 2
16 16 16 2
13 23 20 2
13 23 20 2
1 1 20 4
1 1 20 4
17 17 17 4
17 17 17 4
17 17 17 4
17 17 17 4
17 17 17 4
21 19 11 3
21 19 11 3
21 19 11 3
21 19 11 3
21 19 11 3
21 19 11 3
19 25 4 2
19 25 4 2
19 25 4 2
15 12 12 3
15 12 12 3
12 12 12 3
4 4 4 2
24 9 9 2
24 9 9 2
24 9 9 2
7 20 10 2
7 20 10 2
3 3 3 2
3 3 3 2
3 3 3 2
3 3 3 2
3 3 3 2
3 3 3 2
3 3 3 2
16 16 16 2
16 16 16 2
16 16 16 2
16 16 16 2
16 16 16 2
13 23 20 2
13 23 20 2
13 23 20 2
1 1 20 4
1 1 20 4
1 1 20 4
17 17 17 4
17 17 17 4
17 17 17 4
21 19 11 3
14 0 0 4
21 19 11 3
21 19 11 3
21 19 11 3
21 19 11 3
21 19 11 3
19 25 4 2
19 25 4 2
15 12 12 3
15 12 12 3
15 12 12 3
12 12 12 3
12 12 12 3
24 9 9 2
24 9 9 2
24 9 9 2
7 20 10 2
7 20 10 2
7 20 10 2
3 3 3 2
3 3 3 2
3 3 3 2
3 3 3 2
3 3 3 2
3 3 3 2
16 16 16 2
16 16 16 2
16 16 16 2
16 16 16 2
16 16 16 2
13 23 20 2
13 23 20 2
13 23 20 2
1 1 20 4
1 1 20 4
1 1 20 4
17 17 17 4
17 17 17 4
17 17 17 4
14 0 0 4
14 0 0 4
21 19 11 3
21 19 11 3
21 19 11 3
21 19 11 3
11 11 19 3
11 11 19 3
19 25 4 2
15 12 12 3
15 12 12 3
15 12 12 3
12 12 12 3
12 12 12 3
24 9 9 2
24 9 9 2
24 9 9 2
7 20 10 2
7 20 10 2
7 20 10 2
20 20 10 2
20 20 10 2
3 3 3 2
3 3 3 2
3 3 3 2
28 13 13 2
28 13 13 2
16 16 16 2
16 16 16 2
16 16 16 2
13 23 20 2
13 23 20 2
13 23 20 2
13 23 20 2
1 1 20 4
1 1 20 4
1 1 20 4
17 17 17 4
17 17 17 4
17 17 17 4
14 0 0 4
14 0 0 4
26 0 0 4
21 19 11 3
21 19 11 3
11 11 19 3
11 11 19 3
11 11 19 3
11 11 19 3
15 12 12 3
15 12 12 3
15 12 12 3
12 12 12 3
12 12 12 3
24 9 9 2
24 9 9 2
24 9 9 2
7 20 10 2
20 20 10 2
20 20 10 2
20 20 10 2
20 20 10 2
3 3 3 2
3 3 3 2
28 13 13 2
28 13 13 2
28 13 13 2
25 13 13 2
16 16 16 2
16 16 16 2
13 23 20 2
13 23 20 2
13 23 20 2
13 23 20 2
1 1 20 4
1 1 20 4
1 1 20 4
17 17 17 4
17 17 17 4
17 17 17 4
14 0 0 4
14 0 0 4
26 0 0 4
21 19 11 3
21 19 11 3
11 11 19 3
11 11 19 3
11 11 19 3
11 11 19 3
10 21 18 3
10 21 18 3
15 12 12 3
12 12 12 3
12 12 12 3
24 9 9 2
24 9 9 2
7 20 10 2
7 20 10 2
7 20 10 2
7 20 10 2
7 20 10 2
20 20 10 2
3 3 3 2
3 3 3 2
28 13 13 2
28 13 13 2
28 13 13 2
25 13 13 2
25 13 13 2
16 16 16 2
13 23 20 2
13 23 20 2
13 23 20 2
1 1 20 4
1 1 20 4
1 1 20 4
1 1 20 4
1 1 20 4
1 1 20 4
1 1 20 4
14 0 0 4
14 0 0 4
26 0 0 4
11 11 19 3
11 11 19 3
11 11 19 3
11 11 19 3
11 11 19 3
11 11 19 3
10 21 18 3
10 21 18 3
10 21 18 3
12 12 12 3
12 12 12 3
24 9 9 2
24 9 9 2
32 6 6 2
32 6 6 2
32 6 6 2
32 6 6 2
20 20 10 2
20 20 10 2
3 3 3 2
28 13 13 2
28 13 13 2
28 13 13 2
28 13 13 2
25 13 13 2
25 13 13 2
25 13 13 2
13 23 20 2
13 23 20 2
13 23 20 2
1 1 20 4
1 1 20 4
1 1 20 4
1 1 20 4
1 1 20 4
1 1 20 4
14 0 0 4
14 0 0 4
14 0 0 4
26 0 0 4
26 0 0 4
11 11 19 3
11 11 19 3
11 11 19 3
11 11 19 3
11 11 19 3
10 21 18 3
10 21 18 3
10 21 18 3
10 21 18 3
12 12 12 3
24 9 9 2
24 9 9 2
32 6 6 2
32 6 6 2
32 6 6 2
32 6 6 2
20 20 10 2
20 20 10 2
3 3 3 2
28 13 13 2
28 13 13 2
28 13 13 2
28 13 13 2
25 13 13 2
25 13 13 2
25 13 13 2
25 13 13 2
13 23 20 2
13 23 20 2
1 1 20 4
1 1 20 4
1 1 20 4
1 1 20 4
1 1 20 4
1 1 20 4
14 0 0 4
14 0 0 4
14 0 0 4
26 0 0 4
26 0 0 4
11 11 19 3
11 11 19 3
11 11 19 3
11 11 19 3
10 21 18 3
10 21 18 3
10 21 18 3
10 21 18 3
10 21 18 3
10 21 18 3
32 6 6 2
32 6 6 2
32 6 6 2
32 6 6 2
32 6 6 2
32 6 6 2
32 6 6 2
20 20 10 2
28 13 13 2
28 13 13 2
28 13 13 2
28 13 13 2
28 13 13 2
25 13 13 2
25 13 13 2
25 13 13 2
25 13 13 2
13 23 20 2
13 23 20 2
33 18 1 4
33 18 1 4
18 18 1 4
18 18 1 4
18 18 1 4
18 18 1 4
14 0 0 4
14 0 0 4
14 0 0 4
26 0 0 4
26 0 0 4
26 0 0 4
11 11 19 3
11 11 19 3
11 11 19 3
30 5 5 4
30 5 5 4
10 21 18 3
10 21 18 3
10 21 18 3
10 21 18 3
32 6 6 2
32 6 6 2
32 6 6 2
32 6 6 2
32 6 6 2
32 6 6 2
32 6 6 2
20 20 10 2
28 13 13 2
28 13 13 2
28 13 13 2
28 13 13 2
28 13 13 2
25 13 13 2
25 13 13 2
25 13 13 2
25 13 13 2
25 13 13 2
33 18 1 4
33 18 1 4
33 18 1 4
18 18 1 4
18 18 1 4
18 18 1 4
18 18 1 4
14 0 0 4
14 0 0 4
14 0 0 4
26 0 0 4
26 0 0 4
26 0 0 4
26 0 0 4
11 11 19 3
30 5 5 4
30 5 5 4
30 5 5 4
5 5 5 4
5 5 5 4
5 5 5 4
32 6 6 2
32 6 6 2
32 6 6 2
32 6 6 2
32 6 6 2
32 6 6 2
32 6 6 2
32 6 6 2
20 20 10 2
20 20 10 2
28 13 13 2
28 13 13 2
28 13 13 2
28 13 13 2
25 13 13 2
25 13 13 2
25 13 13 2
25 13 13 2
33 18 1 4
33 18 1 4
33 18 1 4
33 18 1 4
18 18 1 4
18 18 1 4
18 18 1 4
18 18 1 4
14 0 0 4
14 0 0 4
14 0 0 4
26 0 0 4
26 0 0 4
26 0 0 4
26 0 0 4
30 5 5 4
30 5 5 4
30 5 5 4
30 5 5 4
5 5 5 4
5 5 5 4
5 5 5 4
5 5 5 4
32 6 6 2
32 6 6 2
32 6 6 2
32 6 6 2
32 6 6 2
32 6 6 2
32 6 6 2
6 6 6 2
6 6 6 2
28 13 13 2
28 13 13 2
28 13 13 2
28 13 13 2
25 13 13 2
25 13 13 2
25 13 13 2
33 18 1 4
33 18 1 4
33 18 1 4
33 18 1 4
33 18 1 4
18 18 1 4
18 18 1 4
0 14 14 4
0 14 14 4
14 0 0 4
14 0 0 4
14 0 0 4
26 0 0 4
26 0 0 4
26 0 0 4
26 0 0 4
30 5 5 4
30 5 5 4
30 5 5 4
30 5 5 4
5 5 5 4
5 5 5 4
5 5 5 4
5 5 5 4
27 6 6 2
27 6 6 2
27 6 6 2
32 6 6 2
32 6 6 2
32 6 6 2
32 6 6 2
6 6 6 2
6 6 6 2
23 7 7 2
23 7 7 2
28 13 13 2
28 13 13 2
25 13 13 2
25 13 13 2
25 13 13 2
33 18 1 4
33 18 1 4
33 18 1 4
33 18 1 4
33 18 1 4
18 18 1 4
18 18 1 4
0 14 14 4
0 14 14 4
14 0 0 4
14 0 0 4
14 0 0 4
26 0 0 4
26 0 0 4
26 0 0 4
26 0 0 4
31 8 8 1
30 5 5 4
30 5 5 4
30 5 5 4
5 5 5 4
5 5 5 4
5 5 5 4
27 6 6 2
27 6 6 2
27 6 6 2
27 6 6 2
32 6 6 2
6 6 6 2
6 6 6 2
6 6 6 2
6 6 6 2
6 6 6 2
23 7 7 2
23 7 7 2
28 13 13 2
28 13 13 2
25 13 13 2
25 13 13 2
25 13 13 2
2 2 2 2
2 2 2 2
2 2 2 2
2 2 2 2
33 18 1 4
18 18 1 4
18 18 1 4
0 14 14 4
0 14 14 4
14 0 0 4
14 0 0 4
14 0 0 4
26 0 0 4
26 0 0 4
26 0 0 4
31 8 8 1
31 8 8 1
8 8 8 1
8 8 8 1
30 5 5 4
5 5 5 4
5 5 5 4
5 5 5 4
27 6 6 2
27 6 6 2
27 6 6 2
27 6 6 2
32 6 6 2
32 6 6 2
32 6 6 2
32 6 6 2
6 6 6 2
23 7 7 2
23 7 7 2
23 7 7 2
23 7 7 2
28 13 13 2
25 13 13 2
25 13 13 2
2 2 2 2
2 2 2 2
2 2 2 2
2 2 2 2
2 2 2 2
33 18 1 4
18 18 1 4
18 18 1 4
0 14 14 4
0 14 14 4
14 0 0 4
14 0 0 4
14 0 0 4
26 0 0 4
26 0 0 4
26 0 0 4
31 8 8 1
31 8 8 1
8 8 8 1
8 8 8 1
8 8 8 1
5 5 5 4
5 5 5 4
5 5 5 4
9 15 15 0
9 15 15 0
27 6 6 2
27 6 6 2
32 6 6 2
32 6 6 2
32 6 6 2
32 6 6 2
6 6 6 2
23 7 7 2
23 7 7 2
23 7 7 2
23 7 7 2
23 7 7 2
25 13 13 2
2 2 2 2
2 2 2 2
2 2 2 2
2 2 2 2
2 2 2 2
2 2 2 2
2 2 2 2
18 18 1 4
0 14 14 4
0 14 14 4
0 14 14 4
14 0 0 4
14 0 0 4
14 0 0 4
26 0 0 4
26 0 0 4
31 8 8 1
31 8 8 1
31 8 8 1
8 8 8 1
8 8 8 1
8 8 8 1
8 8 8 1
8 8 8 1
9 15 15 0
9 15 15 0
9 15 15 0
27 6 6 2
27 6 6 2
32 6 6 2
32 6 6 2
32 6 6 2
32 6 6 2
6 6 6 2
23 7 7 2
23 7 7 2
23 7 7 2
23 7 7 2
23 7 7 2
23 7 7 2
2 2 2 2
2 2 2 2
2 2 2 2
2 2 2 2
2 2 2 2
2 2 2 2
2 2 2 2
2 2 2 2
0 14 14 4
0 14 14 4
0 14 14 4
0 14 14 4
0 14 14 4
14 0 0 4
14 0 0 4
14 0 0 4
31 8 8 1
31 8 8 1
31 8 8 1
8 8 8 1
8 8 8 1
8 8 8 1
8 8 8 1
8 8 8 1
9 15 15 0
9 15 15 0
9 15 15 0
9 15 15 0
27 6 6 2
32 6 6 2
32 6 6 2
32 6 6 2
32 6 6 2
23 7 7 2
23 7 7 2
23 7 7 2
23 7 7 2
23 7 7 2
23 7 7 2
23 7 7 2
23 7 7 2
2 2 2 2
2 2 2 2
2 2 2 2
2 2 2 2
2 2 2 2
2 2 2 2
2 2 2 2
0 14 14 4
0 14 14 4
22 14 14 4
22 14 14 4
22 14 14 4
14 0 0 4
14 0 0 4
31 8 8 1
31 8 8 1
31 8 8 1
31 8 8 1
31 8 8 1
8 8 8 1
8 8 8 1
8 8 8 1
9 15 15 0
9 15 15 0
9 15 15 0
9 15 15 0
9 15 15 0
27 6 6 2
32 6 6 2
32 6 6 2
32 6 6 2
23 7 7 2
23 7 7 2
23 7 7 2
23 7 7 2
23 7 7 2
23 7 7 2
23 7 7 2
23 7 7 2
23 7 7 2
2 2 2 2
2 2 2 2
2 2 2 2
2 2 2 2
2 2 2 2
2 2 2 2
2 2 2 2
0 14 14 4
0 14 14 4
0 14 14 4
0 14 14 4
14 0 0 4
14 0 0 4
14 0 0 4
31 8 8 1
31 8 8 1
31 8 8 1
31 8 8 1
31 8 8 1
8 8 8 1
8 8 8 1
8 8 8 1
9 15 15 0
9 15 15 0
9 15 15 0
9 15 15 0
9 15 15 0
27 6 6 2
32 6 6 2
32 6 6 2
32 6 6 2
23 7 7 2
23 7 7 2
23 7 7 2
23 7 7 2
23 7 7 2
23 7 7 2
23 7 7 2
23 7 7 2
23 7 7 2
23 7 7 2
2 2 2 2
2 2 2 2
2 2 2 2
2 2 2 2
2 2 2 2
2 2 2 2
0 14 14 4
0 14 14 4
0 14 14 4
0 14 14 4
14 0 0 4
14 0 0 4
14 0 0 4
31 8 8 1
31 8 8 1
31 8 8 1
31 8 8 1
31 8 8 1
8 8 8 1
8 8 8 1
8 8 8 1
9 15 15 0
9 15 15 0
9 15 15 0
9 15 15 0
9 15 15 0
27 6 6 2
32 6 6 2
32 6 6 2
32 6 6 2
23 7 7 2
23 7 7 2
23 7 7 2
23 7 7 2
23 7 7 2
23 7 7 2
23 7 7 2
23 7 7 2
23 7 7 2
23 7 7 2
2 2 2 2
2 2 2 2
2 2 2 2
2 2 2 2
2 2 2 2
2 2 2 2
0 14 14 4
0 14 14 4
0 14 14 4
0 14 14 4
14 0 0 4
