26 19 18 2
26 19 18 2
26 19 18 2
21 19 18 2
21 19 18 2
19 34 28 2
19 34 28 2
19 34 28 2
19 34 28 2
33 4 4 4
33 4 4 4
33 4 4 4
33 4 4 4
33 4 4 4
24 9 9 4
24 9 9 4
24 9 9 4
0 3 3 2
0 3 3 2
0 3 3 2
0 3 3 2
3 3 3 2
3 3 3 2
3 3 3 2
3 3 3 2
16 16 16 2
16 16 16 2
16 16 16 2
16 16 16 2
16 16 16 2
13 28 19 2
13 28 19 2
13 28 19 2
13 28 19 2
28 17 17 2
28 17 17 2
28 17 17 2
17 17 17 2
17 17 17 2
17 17 17 2
26 19 18 2
26 19 18 2
26 19 18 2
21 19 18 2
21 19 18 2
19 34 28 2
19 34 28 2
19 34 28 2
19 34 28 2
19 34 28 2
33 4 4 4
33 4 4 4
4 4 4 4
4 4 4 4
4 4 4 4
24 9 9 4
24 9 9 4
0 3 3 2
0 3 3 2
0 3 3 2
0 3 3 2
3 3 3 2
3 3 3 2
3 3 3 2
3 3 3 2
3 3 3 2
16 16 16 2
16 16 16 2
16 16 16 2
16 16 16 2
13 28 19 2
13 28 19 2
13 28 19 2
13 28 19 2
28 17 17 2
28 17 17 2
28 17 17 2
17 17 17 2
17 17 17 2
17 17 17 2
26 19 18 2
26 19 18 2
26 19 18 2
21 19 18 2
21 19 18 2
19 34 28 2
19 34 28 2
19 34 28 2
19 34 28 2
19 34 28 2
33 4 4 4
33 4 4 4
33 4 4 4
33 4 4 4
24 9 9 4
24 9 9 4
24 9 9 4
20 20 10 4
20 20 10 4
0 3 3 2
0 3 3 2
3 3 3 2
3 3 3 2
3 3 3 2
3 3 3 2
16 16 16 2
16 16 16 2
16 16 16 2
16 16 16 2
16 16 16 2
13 28 19 2
13 28 19 2
13 28 19 2
13 28 19 2
28 17 17 2
28 17 17 2
28 17 17 2
17 17 17 2
17 17 17 2
17 17 17 2
26 19 18 2
26 19 18 2
26 19 18 2
21 19 18 2
21 19 18 2
7 33 28 2
7 33 28 2
7 33 28 2
7 33 28 2
7 33 28 2
33 4 4 4
33 4 4 4
33 4 4 4
33 4 4 4
24 9 9 4
24 9 9 4
24 9 9 4
20 20 10 4
20 20 10 4
0 3 3 2
0 3 3 2
3 3 3 2
3 3 3 2
3 3 3 2
16 16 16 2
16 16 16 2
16 16 16 2
16 16 16 2
16 16 16 2
16 16 16 2
13 28 19 2
13 28 19 2
13 28 19 2
13 28 19 2
28 17 17 2
28 17 17 2
28 17 17 2
17 17 17 2
17 17 17 2
26 19 18 2
26 19 18 2
26 19 18 2
21 19 18 2
21 19 18 2
21 19 18 2
35 33 28 2
35 33 28 2
7 33 28 2
7 33 28 2
29 29 12 4
33 4 4 4
33 4 4 4
33 4 4 4
24 9 9 4
24 9 9 4
24 9 9 4
24 9 9 4
20 20 10 4
20 20 10 4
20 20 10 4
10 10 22 3
10 10 22 3
10 10 22 3
10 10 22 3
16 16 16 2
16 16 16 2
16 16 16 2
16 16 16 2
16 16 16 2
16 16 16 2
13 28 19 2
13 28 19 2
13 28 19 2
13 28 19 2
28 17 17 2
28 17 17 2
28 17 17 2
17 17 17 2
17 17 17 2
26 19 18 2
26 19 18 2
26 19 18 2
21 19 18 2
21 19 18 2
21 19 18 2
35 33 28 2
35 33 28 2
35 33 28 2
35 33 28 2
29 29 12 4
12 12 12 4
12 12 12 4
31 4 4 4
31 4 4 4
31 4 4 4
24 9 9 4
24 9 9 4
20 20 10 4
20 20 10 4
20 20 10 4
10 10 22 3
10 10 22 3
10 10 22 3
10 10 22 3
10 10 22 3
16 16 16 2
16 16 16 2
16 16 16 2
16 16 16 2
16 16 16 2
13 28 19 2
13 28 19 2
13 28 19 2
13 28 19 2
28 17 17 2
28 17 17 2
28 17 17 2
17 17 17 2
17 17 17 2
26 19 18 2
26 19 18 2
26 19 18 2
21 19 18 2
21 19 18 2
21 19 18 2
35 33 28 2
35 33 28 2
35 33 28 2
29 29 12 4
29 29 12 4
12 12 12 4
12 12 12 4
12 12 12 4
12 12 12 4
24 9 9 4
24 9 9 4
20 20 10 4
20 20 10 4
20 20 10 4
20 20 10 4
10 10 22 3
10 10 22 3
10 10 22 3
10 10 22 3
10 10 22 3
10 10 22 3
16 16 16 2
16 16 16 2
16 16 16 2
13 28 19 2
13 28 19 2
13 28 19 2
13 28 19 2
13 28 19 2
1 1 25 2
1 1 25 2
28 17 17 2
17 17 17 2
17 17 17 2
17 17 17 2
26 19 18 2
26 19 18 2
21 19 18 2
21 19 18 2
11 11 21 2
11 11 21 2
35 33 28 2
35 33 28 2
29 29 12 4
29 29 12 4
12 12 12 4
12 12 12 4
12 12 12 4
12 12 12 4
24 9 9 4
24 9 9 4
20 20 10 4
20 20 10 4
20 20 10 4
20 20 10 4
10 10 22 3
10 10 22 3
10 10 22 3
10 10 22 3
10 10 22 3
25 13 13 3
25 13 13 3
16 16 16 2
16 16 16 2
13 28 19 2
13 28 19 2
13 28 19 2
13 28 19 2
13 28 19 2
1 1 25 2
1 1 25 2
28 17 17 2
17 17 17 2
17 17 17 2
17 17 17 2
26 19 18 2
26 19 18 2
11 11 21 2
11 11 21 2
11 11 21 2
11 11 21 2
11 11 21 2
29 29 12 4
29 29 12 4
29 29 12 4
29 29 12 4
12 12 12 4
12 12 12 4
12 12 12 4
24 9 9 4
24 9 9 4
20 20 10 4
20 20 10 4
20 20 10 4
20 20 10 4
10 10 22 3
10 10 22 3
10 10 22 3
10 10 22 3
10 10 22 3
25 13 13 3
25 13 13 3
25 13 13 3
16 16 16 2
13 28 19 2
13 28 19 2
13 28 19 2
13 28 19 2
1 1 25 2
1 1 25 2
1 1 25 2
28 17 17 2
28 17 17 2
28 17 17 2
28 17 17 2
14 0 0 2
11 11 21 2
11 11 21 2
11 11 21 2
11 11 21 2
11 11 21 2
11 11 21 2
11 11 21 2
29 29 12 4
29 29 12 4
29 29 12 4
12 12 12 4
12 12 12 4
12 12 12 4
27 6 29 4
27 6 29 4
20 20 10 4
20 20 10 4
20 20 10 4
20 20 10 4
20 20 10 4
10 10 22 3
10 10 22 3
10 10 22 3
25 13 13 3
25 13 13 3
25 13 13 3
25 13 13 3
16 16 16 2
13 28 19 2
13 28 19 2
13 28 19 2
13 28 19 2
13 28 19 2
1 1 25 2
1 1 25 2
1 1 25 2
1 1 25 2
1 1 25 2
14 0 0 2
14 0 0 2
14 0 0 2
11 11 21 2
11 11 21 2
11 11 21 2
11 11 21 2
11 11 21 2
11 11 21 2
29 29 12 4
29 29 12 4
29 29 12 4
12 12 12 4
12 12 12 4
12 12 12 4
27 6 29 4
27 6 29 4
27 6 29 4
20 20 10 4
20 20 10 4
20 20 10 4
20 20 10 4
10 10 22 3
10 10 22 3
25 13 13 3
25 13 13 3
25 13 13 3
25 13 13 3
25 13 13 3
25 13 13 3
13 28 19 2
13 28 19 2
13 28 19 2
13 28 19 2
13 28 19 2
1 1 25 2
1 1 25 2
1 1 25 2
1 1 25 2
1 1 25 2
14 0 0 2
14 0 0 2
14 0 0 2
11 11 21 2
11 11 21 2
11 11 21 2
11 11 21 2
11 11 21 2
11 11 21 2
29 29 12 4
29 29 12 4
29 29 12 4
12 12 12 4
12 12 12 4
12 12 12 4
27 6 29 4
27 6 29 4
27 6 29 4
6 6 29 4
20 20 10 4
20 20 10 4
20 20 10 4
10 10 22 3
25 13 13 3
25 13 13 3
25 13 13 3
25 13 13 3
25 13 13 3
25 13 13 3
25 13 13 3
13 28 19 2
13 28 19 2
13 28 19 2
13 28 19 2
13 28 19 2
18 18 1 2
18 18 1 2
18 18 1 2
18 18 1 2
14 0 0 2
14 0 0 2
14 0 0 2
14 0 0 2
14 0 0 2
11 11 21 2
11 11 21 2
11 11 21 2
11 11 21 2
5 5 5 4
5 5 5 4
5 5 5 4
5 5 5 4
12 12 12 4
12 12 12 4
27 6 29 4
27 6 29 4
27 6 29 4
27 6 29 4
6 6 29 4
20 20 10 4
20 20 10 4
20 20 10 4
10 10 22 3
25 13 13 3
25 13 13 3
25 13 13 3
25 13 13 3
25 13 13 3
25 13 13 3
25 13 13 3
25 13 13 3
13 28 19 2
13 28 19 2
13 28 19 2
18 18 1 2
18 18 1 2
18 18 1 2
18 18 1 2
18 18 1 2
14 0 0 2
14 0 0 2
14 0 0 2
14 0 0 2
14 0 0 2
14 0 0 2
11 11 21 2
11 11 21 2
11 11 21 2
5 5 5 4
5 5 5 4
5 5 5 4
5 5 5 4
12 12 12 4
12 12 12 4
27 6 29 4
27 6 29 4
27 6 29 4
27 6 29 4
6 6 29 4
6 6 29 4
6 6 29 4
6 6 29 4
6 6 29 4
25 13 13 3
25 13 13 3
25 13 13 3
25 13 13 3
25 13 13 3
25 13 13 3
25 13 13 3
25 13 13 3
13 28 19 2
13 28 19 2
18 18 1 2
18 18 1 2
18 18 1 2
18 18 1 2
18 18 1 2
18 18 1 2
14 0 0 2
14 0 0 2
14 0 0 2
14 0 0 2
14 0 0 2
14 0 0 2
14 0 0 2
11 11 21 2
5 5 5 4
5 5 5 4
5 5 5 4
5 5 5 4
5 5 5 4
12 12 12 4
12 12 12 4
27 6 29 4
27 6 29 4
27 6 29 4
6 6 29 4
6 6 29 4
6 6 29 4
6 6 29 4
6 6 29 4
6 6 29 4
25 13 13 3
25 13 13 3
25 13 13 3
25 13 13 3
25 13 13 3
25 13 13 3
25 13 13 3
25 13 13 3
34 2 2 0
34 2 2 0
34 2 2 0
34 2 2 0
34 2 2 0
18 18 1 2
18 18 1 2
18 18 1 2
14 0 0 2
14 0 0 2
14 0 0 2
14 0 0 2
14 0 0 2
14 0 0 2
14 0 0 2
5 5 5 4
5 5 5 4
5 5 5 4
5 5 5 4
5 5 5 4
5 5 5 4
5 5 5 4
5 5 5 4
27 6 29 4
27 6 29 4
27 6 29 4
6 6 29 4
6 6 29 4
6 6 29 4
6 6 29 4
6 6 29 4
6 6 29 4
6 6 29 4
25 13 13 3
25 13 13 3
25 13 13 3
25 13 13 3
25 13 13 3
25 13 13 3
2 2 2 0
2 2 2 0
2 2 2 0
2 2 2 0
18 18 1 2
18 18 1 2
18 18 1 2
18 18 1 2
14 0 0 2
14 0 0 2
14 0 0 2
14 0 0 2
14 0 0 2
14 0 0 2
14 0 0 2
14 0 0 2
30 8 8 0
5 5 5 4
5 5 5 4
5 5 5 4
5 5 5 4
5 5 5 4
5 5 5 4
5 5 5 4
27 6 29 4
27 6 29 4
27 6 29 4
6 6 29 4
6 6 29 4
6 6 29 4
6 6 29 4
6 6 29 4
6 6 29 4
6 6 29 4
23 7 7 1
25 13 13 3
25 13 13 3
25 13 13 3
25 13 13 3
25 13 13 3
2 2 2 0
2 2 2 0
2 2 2 0
2 2 2 0
2 2 2 0
18 18 1 2
18 18 1 2
18 18 1 2
22 14 14 0
22 14 14 0
14 0 0 2
14 0 0 2
14 0 0 2
14 0 0 2
14 0 0 2
30 8 8 0
30 8 8 0
8 8 8 0
8 8 8 0
5 5 5 4
5 5 5 4
5 5 5 4
5 5 5 4
27 6 29 4
27 6 29 4
27 6 29 4
27 6 29 4
27 6 29 4
6 6 29 4
6 6 29 4
6 6 29 4
6 6 29 4
6 6 29 4
23 7 7 1
23 7 7 1
23 7 7 1
25 13 13 3
25 13 13 3
25 13 13 3
2 2 2 0
2 2 2 0
2 2 2 0
2 2 2 0
2 2 2 0
2 2 2 0
18 18 1 2
18 18 1 2
18 18 1 2
22 14 14 0
22 14 14 0
14 0 0 2
14 0 0 2
14 0 0 2
14 0 0 2
30 8 8 0
30 8 8 0
30 8 8 0
8 8 8 0
8 8 8 0
8 8 8 0
5 5 5 4
5 5 5 4
32 23 15 4
32 23 15 4
27 6 29 4
27 6 29 4
27 6 29 4
27 6 29 4
6 6 29 4
6 6 29 4
6 6 29 4
6 6 29 4
6 6 29 4
23 7 7 1
23 7 7 1
23 7 7 1
23 7 7 1
25 13 13 3
25 13 13 3
2 2 2 0
2 2 2 0
2 2 2 0
2 2 2 0
2 2 2 0
2 2 2 0
18 18 1 2
18 18 1 2
22 14 14 0
22 14 14 0
22 14 14 0
22 14 14 0
22 14 14 0
22 14 14 0
30 8 8 0
30 8 8 0
30 8 8 0
30 8 8 0
8 8 8 0
8 8 8 0
8 8 8 0
5 5 5 4
5 5 5 4
32 23 15 4
32 23 15 4
32 23 15 4
32 23 15 4
27 6 29 4
27 6 29 4
6 6 29 4
6 6 29 4
6 6 29 4
6 6 29 4
23 7 7 1
23 7 7 1
23 7 7 1
23 7 7 1
23 7 7 1
25 13 13 3
2 2 2 0
2 2 2 0
2 2 2 0
2 2 2 0
2 2 2 0
2 2 2 0
2 2 2 0
2 2 2 0
18 18 1 2
22 14 14 0
22 14 14 0
22 14 14 0
22 14 14 0
22 14 14 0
22 14 14 0
30 8 8 0
30 8 8 0
30 8 8 0
30 8 8 0
8 8 8 0
8 8 8 0
8 8 8 0
8 8 8 0
5 5 5 4
32 23 15 4
32 23 15 4
27 6 29 4
27 6 29 4
27 6 29 4
27 6 29 4
6 6 29 4
6 6 29 4
6 6 29 4
23 7 7 1
23 7 7 1
23 7 7 1
23 7 7 1
23 7 7 1
23 7 7 1
23 7 7 1
2 2 2 0
2 2 2 0
2 2 2 0
2 2 2 0
2 2 2 0
2 2 2 0
2 2 2 0
18 18 1 2
18 18 1 2
22 14 14 0
22 14 14 0
22 14 14 0
22 14 14 0
22 14 14 0
22 14 14 0
30 8 8 0
30 8 8 0
30 8 8 0
30 8 8 0
30 8 8 0
8 8 8 0
8 8 8 0
8 8 8 0
5 5 5 4
9 23 15 4
15 15 15 4
15 15 15 4
15 15 15 4
15 15 15 4
15 15 15 4
6 6 29 4
6 6 29 4
6 6 29 4
23 7 7 1
23 7 7 1
23 7 7 1
23 7 7 1
23 7 7 1
23 7 7 1
23 7 7 1
23 7 7 1
2 2 2 0
2 2 2 0
2 2 2 0
2 2 2 0
2 2 2 0
2 2 2 0
18 18 1 2
18 18 1 2
22 14 14 0
22 14 14 0
22 14 14 0
22 14 14 0
22 14 14 0
22 14 14 0
30 8 8 0
30 8 8 0
30 8 8 0
30 8 8 0
30 8 8 0
8 8 8 0
8 8 8 0
8 8 8 0
9 23 15 4
9 23 15 4
9 23 15 4
9 23 15 4
9 23 15 4
15 15 15 4
15 15 15 4
6 6 29 4
6 6 29 4
23 7 7 1
23 7 7 1
23 7 7 1
23 7 7 1
23 7 7 1
23 7 7 1
23 7 7 1
23 7 7 1
23 7 7 1
2 2 2 0
2 2 2 0
2 2 2 0
2 2 2 0
2 2 2 0
2 2 2 0
18 18 1 2
18 18 1 2
22 14 14 0
22 14 14 0
22 14 14 0
22 14 14 0
22 14 14 0
22 14 14 0
30 8 8 0
30 8 8 0
30 8 8 0
30 8 8 0
30 8 8 0
8 8 8 0
8 8 8 0
8 8 8 0
9 23 15 4
9 23 15 4
9 23 15 4
15 15 15 4
15 15 15 4
15 15 15 4
15 15 15 4
6 6 29 4
6 6 29 4
23 7 7 1
23 7 7 1
23 7 7 1
23 7 7 1
23 7 7 1
23 7 7 1
23 7 7 1
23 7 7 1
23 7 7 1
2 2 2 0
2 2 2 0
2 2 2 0
2 2 2 0
2 2 2 0
2 2 2 0
18 18 1 2
18 18 1 2
22 14 14 0
22 14 14 0
22 14 14 0
22 14 14 0
