26 19 18 2
26 19 18 2
26 19 18 2
21 19 18 2
21 19 18 2
35 33 28 2
35 33 28 2
35 33 28 2
35 33 28 2
33 4 4 2
33 4 4 2
33 4 4 2
4 4 4 2
4 4 4 2
4 4 4 2
4 4 4 2
0 3 3 2
0 3 3 2
0 3 3 2
0 3 3 2
0 3 3 2
3 3 3 2
3 3 3 2
3 3 3 2
3 3 3 2
16 16 16 4
16 16 16 4
16 16 16 4
13 28 19 4
13 28 19 4
13 28 19 4
13 28 19 4
13 28 19 4
13 28 19 4
28 17 17 2
28 17 17 2
28 17 17 2
17 17 17 2
17 17 17 2
17 17 17 2
26 19 18 2
26 19 18 2
26 19 18 2
21 19 18 2
21 19 18 2
35 33 28 2
35 33 28 2
35 33 28 2
35 33 28 2
33 4 4 2
33 4 4 2
33 4 4 2
4 4 4 2
4 4 4 2
24 9 9 2
24 9 9 2
24 9 9 2
0 3 3 2
0 3 3 2
0 3 3 2
0 3 3 2
3 3 3 2
3 3 3 2
3 3 3 2
3 3 3 2
16 16 16 4
16 16 16 4
16 16 16 4
13 28 19 4
13 28 19 4
13 28 19 4
13 28 19 4
13 28 19 4
13 28 19 4
28 17 17 2
28 17 17 2
28 17 17 2
17 17 17 2
17 17 17 2
17 17 17 2
26 19 18 2
26 19 18 2
26 19 18 2
21 19 18 2
21 19 18 2
35 33 28 2
35 33 28 2
19 34 28 2
19 34 28 2
19 34 28 2
33 4 4 2
33 4 4 2
4 4 4 2
4 4 4 2
24 9 9 2
24 9 9 2
24 9 9 2
24 9 9 2
0 3 3 2
0 3 3 2
0 3 3 2
3 3 3 2
3 3 3 2
3 3 3 2
3 3 3 2
16 16 16 4
16 16 16 4
16 16 16 4
13 28 19 4
13 28 19 4
13 28 19 4
13 28 19 4
13 28 19 4
13 28 19 4
28 17 17 2
28 17 17 2
28 17 17 2
17 17 17 2
17 17 17 2
17 17 17 2
26 19 18 2
26 19 18 2
26 19 18 2
21 19 18 2
21 19 18 2
35 33 28 2
35 33 28 2
7 33 28 2
7 33 28 2
7 33 28 2
33 4 4 2
33 4 4 2
4 4 4 2
31 9 9 2
24 9 9 2
24 9 9 2
24 9 9 2
24 9 9 2
20 20 10 2
0 3 3 2
0 3 3 2
3 3 3 2
3 3 3 2
3 3 3 2
16 16 16 4
16 16 16 4
16 16 16 4
16 16 16 4
16 16 16 4
16 16 16 4
13 28 19 4
13 28 19 4
13 28 19 4
28 17 17 2
28 17 17 2
28 17 17 2
28 17 17 2
17 17 17 2
17 17 17 2
26 19 18 2
26 19 18 2
26 19 18 2
21 19 18 2
21 19 18 2
21 19 18 2
35 33 28 2
35 33 28 2
35 33 28 2
35 33 28 2
33 4 4 2
33 4 4 2
33 4 4 2
33 4 4 2
31 9 9 2
24 9 9 2
24 9 9 2
24 9 9 2
24 9 9 2
20 20 10 2
20 20 10 2
10 10 22 2
10 10 22 2
10 10 22 2
10 10 22 2
10 10 22 2
25 13 13 4
25 13 13 4
25 13 13 4
13 28 19 4
13 28 19 4
13 28 19 4
13 28 19 4
13 28 19 4
13 28 19 4
1 1 25 3
28 17 17 2
28 17 17 2
17 17 17 2
17 17 17 2
26 19 18 2
26 19 18 2
26 19 18 2
21 19 18 2
21 19 18 2
21 19 18 2
35 33 28 2
35 33 28 2
35 33 28 2
35 33 28 2
12 12 12 2
12 12 12 2
12 12 12 2
31 9 9 2
31 9 9 2
24 9 9 2
24 9 9 2
24 9 9 2
20 20 10 2
20 20 10 2
20 20 10 2
10 10 22 2
10 10 22 2
10 10 22 2
10 10 22 2
10 10 22 2
25 13 13 4
25 13 13 4
25 13 13 4
13 28 19 4
13 28 19 4
13 28 19 4
13 28 19 4
13 28 19 4
13 28 19 4
1 1 25 3
28 17 17 2
28 17 17 2
17 17 17 2
17 17 17 2
26 19 18 2
26 19 18 2
26 19 18 2
21 19 18 2
21 19 18 2
21 19 18 2
11 11 21 2
35 33 28 2
35 33 28 2
35 33 28 2
12 12 12 2
12 12 12 2
12 12 12 2
12 12 12 2
31 9 9 2
24 9 9 2
24 9 9 2
20 20 10 2
20 20 10 2
20 20 10 2
20 20 10 2
10 10 22 2
10 10 22 2
10 10 22 2
10 10 22 2
10 10 22 2
25 13 13 4
25 13 13 4
25 13 13 4
13 28 19 4
13 28 19 4
13 28 19 4
13 28 19 4
13 28 19 4
13 28 19 4
1 1 25 3
1 1 25 3
28 17 17 2
17 17 17 2
17 17 17 2
26 19 18 2
26 19 18 2
26 19 18 2
21 19 18 2
21 19 18 2
11 11 21 2
11 11 21 2
35 33 28 2
35 33 28 2
35 33 28 2
12 12 12 2
12 12 12 2
12 12 12 2
12 12 12 2
31 9 9 2
24 9 9 2
24 9 9 2
20 20 10 2
20 20 10 2
20 20 10 2
20 20 10 2
10 10 22 2
10 10 22 2
10 10 22 2
10 10 22 2
25 13 13 4
25 13 13 4
25 13 13 4
25 13 13 4
13 28 19 4
13 28 19 4
13 28 19 4
13 28 19 4
13 28 19 4
1 1 25 3
1 1 25 3
1 1 25 3
1 1 25 3
1 1 25 3
1 1 25 3
26 19 18 2
26 19 18 2
26 19 18 2
11 11 21 2
11 11 21 2
11 11 21 2
11 11 21 2
35 33 28 2
35 33 28 2
29 29 12 2
29 29 12 2
29 29 12 2
12 12 12 2
12 12 12 2
31 9 9 2
24 9 9 2
24 9 9 2
20 20 10 2
20 20 10 2
20 20 10 2
20 20 10 2
10 10 22 2
10 10 22 2
10 10 22 2
10 10 22 2
25 13 13 4
25 13 13 4
25 13 13 4
25 13 13 4
25 13 13 4
13 28 19 4
13 28 19 4
13 28 19 4
13 28 19 4
1 1 25 3
1 1 25 3
1 1 25 3
1 1 25 3
1 1 25 3
1 1 25 3
1 1 25 3
14 0 0 3
11 11 21 2
11 11 21 2
11 11 21 2
11 11 21 2
11 11 21 2
11 11 21 2
11 11 21 2
11 11 21 2
29 29 12 2
29 29 12 2
12 12 12 2
12 12 12 2
31 9 9 2
31 9 9 2
31 9 9 2
20 20 10 2
20 20 10 2
20 20 10 2
20 20 10 2
10 10 22 2
10 10 22 2
10 10 22 2
10 10 22 2
25 13 13 4
25 13 13 4
25 13 13 4
25 13 13 4
25 13 13 4
13 28 19 4
13 28 19 4
13 28 19 4
13 28 19 4
1 1 25 3
1 1 25 3
1 1 25 3
1 1 25 3
1 1 25 3
1 1 25 3
1 1 25 3
14 0 0 3
11 11 21 2
11 11 21 2
11 11 21 2
11 11 21 2
11 11 21 2
11 11 21 2
11 11 21 2
11 11 21 2
29 29 12 2
29 29 12 2
12 12 12 2
12 12 12 2
31 9 9 2
31 9 9 2
31 9 9 2
20 20 10 2
20 20 10 2
20 20 10 2
20 20 10 2
10 10 22 2
10 10 22 2
10 10 22 2
25 13 13 4
25 13 13 4
25 13 13 4
25 13 13 4
25 13 13 4
25 13 13 4
13 28 19 4
13 28 19 4
13 28 19 4
13 28 19 4
1 1 25 3
1 1 25 3
1 1 25 3
1 1 25 3
1 1 25 3
1 1 25 3
14 0 0 3
14 0 0 3
14 0 0 3
11 11 21 2
11 11 21 2
11 11 21 2
11 11 21 2
11 11 21 2
11 11 21 2
11 11 21 2
29 29 12 2
29 29 12 2
12 12 12 2
12 12 12 2
31 9 9 2
31 9 9 2
27 6 29 2
6 6 29 2
6 6 29 2
20 20 10 2
20 20 10 2
10 10 22 2
10 10 22 2
25 13 13 4
25 13 13 4
25 13 13 4
25 13 13 4
25 13 13 4
25 13 13 4
25 13 13 4
13 28 19 4
13 28 19 4
13 28 19 4
34 18 1 3
34 18 1 3
18 18 1 3
18 18 1 3
18 18 1 3
18 18 1 3
14 0 0 3
14 0 0 3
14 0 0 3
14 0 0 3
14 0 0 3
11 11 21 2
11 11 21 2
11 11 21 2
11 11 21 2
11 11 21 2
5 5 5 2
5 5 5 2
5 5 5 2
12 12 12 2
12 12 12 2
32 15 15 0
27 6 29 2
27 6 29 2
6 6 29 2
6 6 29 2
20 20 10 2
20 20 10 2
10 10 22 2
10 10 22 2
25 13 13 4
25 13 13 4
25 13 13 4
25 13 13 4
25 13 13 4
25 13 13 4
25 13 13 4
25 13 13 4
13 28 19 4
13 28 19 4
34 18 1 3
34 18 1 3
18 18 1 3
18 18 1 3
18 18 1 3
18 18 1 3
14 0 0 3
14 0 0 3
14 0 0 3
14 0 0 3
14 0 0 3
11 11 21 2
11 11 21 2
11 11 21 2
11 11 21 2
11 11 21 2
5 5 5 2
5 5 5 2
5 5 5 2
5 5 5 2
5 5 5 2
32 15 15 0
27 6 29 2
27 6 29 2
6 6 29 2
6 6 29 2
6 6 29 2
6 6 29 2
6 6 29 2
10 10 22 2
25 13 13 4
25 13 13 4
25 13 13 4
25 13 13 4
25 13 13 4
25 13 13 4
25 13 13 4
25 13 13 4
13 28 19 4
34 18 1 3
34 18 1 3
34 18 1 3
18 18 1 3
18 18 1 3
18 18 1 3
18 18 1 3
14 0 0 3
14 0 0 3
14 0 0 3
14 0 0 3
14 0 0 3
14 0 0 3
11 11 21 2
11 11 21 2
11 11 21 2
11 11 21 2
5 5 5 2
5 5 5 2
5 5 5 2
5 5 5 2
5 5 5 2
32 15 15 0
27 6 29 2
27 6 29 2
6 6 29 2
6 6 29 2
6 6 29 2
6 6 29 2
6 6 29 2
6 6 29 2
25 13 13 4
25 13 13 4
25 13 13 4
25 13 13 4
25 13 13 4
25 13 13 4
25 13 13 4
25 13 13 4
13 28 19 4
34 18 1 3
34 18 1 3
34 18 1 3
18 18 1 3
18 18 1 3
18 18 1 3
18 18 1 3
14 0 0 3
14 0 0 3
14 0 0 3
14 0 0 3
14 0 0 3
14 0 0 3
11 11 21 2
11 11 21 2
8 8 8 0
5 5 5 2
5 5 5 2
5 5 5 2
5 5 5 2
5 5 5 2
32 15 15 0
32 15 15 0
27 6 29 2
27 6 29 2
6 6 29 2
6 6 29 2
6 6 29 2
6 6 29 2
6 6 29 2
6 6 29 2
25 13 13 4
25 13 13 4
25 13 13 4
25 13 13 4
25 13 13 4
25 13 13 4
25 13 13 4
25 13 13 4
2 2 2 4
34 18 1 3
34 18 1 3
34 18 1 3
18 18 1 3
18 18 1 3
18 18 1 3
14 0 0 3
14 0 0 3
14 0 0 3
14 0 0 3
14 0 0 3
14 0 0 3
14 0 0 3
30 8 8 0
30 8 8 0
8 8 8 0
8 8 8 0
5 5 5 2
5 5 5 2
5 5 5 2
5 5 5 2
32 15 15 0
32 15 15 0
27 6 29 2
27 6 29 2
6 6 29 2
6 6 29 2
6 6 29 2
6 6 29 2
6 6 29 2
6 6 29 2
23 7 7 4
23 7 7 4
25 13 13 4
25 13 13 4
25 13 13 4
25 13 13 4
25 13 13 4
2 2 2 4
2 2 2 4
2 2 2 4
2 2 2 4
34 18 1 3
18 18 1 3
18 18 1 3
18 18 1 3
14 0 0 3
14 0 0 3
14 0 0 3
14 0 0 3
14 0 0 3
14 0 0 3
30 8 8 0
30 8 8 0
30 8 8 0
8 8 8 0
8 8 8 0
5 5 5 2
5 5 5 2
5 5 5 2
5 5 5 2
32 15 15 0
32 15 15 0
27 6 29 2
27 6 29 2
27 6 29 2
6 6 29 2
6 6 29 2
6 6 29 2
6 6 29 2
6 6 29 2
23 7 7 4
23 7 7 4
25 13 13 4
25 13 13 4
25 13 13 4
25 13 13 4
25 13 13 4
2 2 2 4
2 2 2 4
2 2 2 4
2 2 2 4
34 18 1 3
18 18 1 3
18 18 1 3
22 14 14 4
22 14 14 4
22 14 14 4
14 0 0 3
14 0 0 3
14 0 0 3
14 0 0 3
30 8 8 0
30 8 8 0
30 8 8 0
8 8 8 0
8 8 8 0
8 8 8 0
5 5 5 2
5 5 5 2
32 15 15 0
32 15 15 0
32 15 15 0
32 15 15 0
27 6 29 2
27 6 29 2
6 6 29 2
6 6 29 2
6 6 29 2
6 6 29 2
23 7 7 4
23 7 7 4
23 7 7 4
23 7 7 4
25 13 13 4
25 13 13 4
25 13 13 4
25 13 13 4
2 2 2 4
2 2 2 4
2 2 2 4
2 2 2 4
2 2 2 4
2 2 2 4
2 2 2 4
22 14 14 4
22 14 14 4
22 14 14 4
22 14 14 4
22 14 14 4
22 14 14 4
30 8 8 0
30 8 8 0
30 8 8 0
30 8 8 0
8 8 8 0
8 8 8 0
8 8 8 0
5 5 5 2
5 5 5 2
32 15 15 0
32 15 15 0
32 15 15 0
32 15 15 0
27 6 29 2
27 6 29 2
6 6 29 2
6 6 29 2
6 6 29 2
23 7 7 4
23 7 7 4
23 7 7 4
23 7 7 4
23 7 7 4
25 13 13 4
25 13 13 4
25 13 13 4
25 13 13 4
2 2 2 4
2 2 2 4
2 2 2 4
2 2 2 4
2 2 2 4
2 2 2 4
2 2 2 4
22 14 14 4
22 14 14 4
22 14 14 4
22 14 14 4
22 14 14 4
22 14 14 4
30 8 8 0
30 8 8 0
30 8 8 0
30 8 8 0
8 8 8 0
8 8 8 0
8 8 8 0
8 8 8 0
5 5 5 2
32 15 15 0
32 15 15 0
32 15 15 0
15 15 15 0
15 15 15 0
15 15 15 0
6 6 29 2
6 6 29 2
23 7 7 4
23 7 7 4
23 7 7 4
23 7 7 4
23 7 7 4
23 7 7 4
23 7 7 4
25 13 13 4
25 13 13 4
2 2 2 4
2 2 2 4
2 2 2 4
2 2 2 4
2 2 2 4
2 2 2 4
2 2 2 4
22 14 14 4
22 14 14 4
22 14 14 4
22 14 14 4
22 14 14 4
22 14 14 4
22 14 14 4
30 8 8 0
30 8 8 0
30 8 8 0
30 8 8 0
30 8 8 0
30 8 8 0
30 8 8 0
5 5 5 2
5 5 5 2
9 15 15 0
9 15 15 0
9 15 15 0
15 15 15 0
15 15 15 0
15 15 15 0
15 15 15 0
15 15 15 0
23 7 7 4
23 7 7 4
23 7 7 4
23 7 7 4
23 7 7 4
23 7 7 4
23 7 7 4
25 13 13 4
25 13 13 4
2 2 2 4
2 2 2 4
2 2 2 4
2 2 2 4
2 2 2 4
2 2 2 4
2 2 2 4
22 14 14 4
22 14 14 4
22 14 14 4
22 14 14 4
22 14 14 4
22 14 14 4
30 8 8 0
30 8 8 0
30 8 8 0
30 8 8 0
30 8 8 0
30 8 8 0
30 8 8 0
30 8 8 0
5 5 5 2
5 5 5 2
9 15 15 0
9 15 15 0
9 15 15 0
15 15 15 0
15 15 15 0
15 15 15 0
15 15 15 0
15 15 15 0
23 7 7 4
23 7 7 4
23 7 7 4
23 7 7 4
23 7 7 4
23 7 7 4
23 7 7 4
25 13 13 4
25 13 13 4
2 2 2 4
2 2 2 4
2 2 2 4
2 2 2 4
2 2 2 4
2 2 2 4
2 2 2 4
2 2 2 4
22 14 14 4
22 14 14 4
22 14 14 4
22 14 14 4
22 14 14 4
30 8 8 0
30 8 8 0
30 8 8 0
30 8 8 0
30 8 8 0
30 8 8 0
30 8 8 0
30 8 8 0
5 5 5 2
5 5 5 2
9 15 15 0
9 15 15 0
9 15 15 0
15 15 15 0
15 15 15 0
15 15 15 0
15 15 15 0
15 15 15 0
23 7 7 4
23 7 7 4
23 7 7 4
23 7 7 4
23 7 7 4
23 7 7 4
23 7 7 4
25 13 13 4
25 13 13 4
2 2 2 4
2 2 2 4
2 2 2 4
2 2 2 4
2 2 2 4
2 2 2 4
2 2 2 4
2 2 2 4
22 14 14 4
22 14 14 4
22 14 14 4
22 14 14 4
