26 19 11 4
26 19 11 4
26 19 11 4
26 19 11 4
35 33 28 4
35 33 28 4
35 33 28 4
19 34 28 4
19 34 28 4
19 34 28 4
4 4 4 2
4 4 4 2
4 4 4 2
4 4 4 2
4 4 4 2
4 4 4 2
0 3 3 2
0 3 3 2
0 3 3 2
0 3 3 2
0 3 3 2
3 3 3 2
3 3 3 2
3 3 3 2
3 3 3 2
16 16 16 2
16 16 16 2
16 16 16 2
16 16 16 2
16 16 16 2
16 16 16 2
13 28 19 2
13 28 19 2
28 17 17 2
28 17 17 2
28 17 17 2
28 17 17 2
17 17 17 2
17 17 17 2
26 19 11 4
26 19 11 4
26 19 11 4
26 19 11 4
26 19 11 4
35 33 28 4
35 33 28 4
35 33 28 4
19 34 28 4
19 34 28 4
19 34 28 4
4 4 4 2
4 4 4 2
4 4 4 2
4 4 4 2
4 4 4 2
4 4 4 2
4 4 4 2
0 3 3 2
0 3 3 2
0 3 3 2
0 3 3 2
3 3 3 2
3 3 3 2
3 3 3 2
3 3 3 2
16 16 16 2
16 16 16 2
16 16 16 2
16 16 16 2
16 16 16 2
16 16 16 2
13 28 19 2
13 28 19 2
28 17 17 2
28 17 17 2
28 17 17 2
28 17 17 2
17 17 17 2
17 17 17 2
17 17 17 2
26 19 11 4
26 19 11 4
26 19 11 4
26 19 11 4
35 33 28 4
35 33 28 4
35 33 28 4
19 34 28 4
19 34 28 4
19 34 28 4
33 30 4 2
33 30 4 2
4 4 4 2
4 4 4 2
24 9 9 2
24 9 9 2
24 9 9 2
0 3 3 2
0 3 3 2
0 3 3 2
0 3 3 2
3 3 3 2
3 3 3 2
3 3 3 2
3 3 3 2
16 16 16 2
16 16 16 2
16 16 16 2
16 16 16 2
16 16 16 2
16 16 16 2
13 28 19 2
13 28 19 2
28 17 17 2
28 17 17 2
28 17 17 2
28 17 17 2
17 17 17 2
17 17 17 2
17 17 17 2
26 19 11 4
26 19 11 4
26 19 11 4
26 19 11 4
35 33 28 4
35 33 28 4
35 33 28 4
7 33 28 4
7 33 28 4
7 33 28 4
33 30 4 2
33 30 4 2
33 30 4 2
31 9 9 2
24 9 9 2
24 9 9 2
24 9 9 2
20 20 10 2
20 20 10 2
0 3 3 2
0 3 3 2
3 3 3 2
3 3 3 2
3 3 3 2
3 3 3 2
16 16 16 2
16 16 16 2
16 16 16 2
16 16 16 2
16 16 16 2
16 16 16 2
13 28 19 2
13 28 19 2
28 17 17 2
28 17 17 2
28 17 17 2
28 17 17 2
17 17 17 2
17 17 17 2
26 19 11 4
26 19 11 4
26 19 11 4
21 19 11 4
21 19 11 4
21 19 11 4
35 33 28 4
35 33 28 4
7 33 28 4
7 33 28 4
7 33 28 4
33 30 4 2
33 30 4 2
33 30 4 2
31 9 9 2
24 9 9 2
24 9 9 2
24 9 9 2
20 20 10 2
20 20 10 2
20 20 10 2
10 10 22 2
10 10 22 2
10 10 22 2
10 10 22 2
10 10 22 2
16 16 16 2
16 16 16 2
16 16 16 2
16 16 16 2
16 16 16 2
13 28 19 2
13 28 19 2
13 28 19 2
13 28 19 2
28 17 17 2
28 17 17 2
28 17 17 2
17 17 17 2
17 17 17 2
26 19 11 4
26 19 11 4
26 19 11 4
26 19 11 4
26 19 11 4
35 33 28 4
35 33 28 4
35 33 28 4
7 33 28 4
7 33 28 4
29 29 12 3
12 12 12 2
12 12 12 2
31 9 9 2
31 9 9 2
24 9 9 2
24 9 9 2
24 9 9 2
20 20 10 2
20 20 10 2
20 20 10 2
10 10 22 2
10 10 22 2
10 10 22 2
10 10 22 2
10 10 22 2
25 13 13 2
25 13 13 2
16 16 16 2
16 16 16 2
16 16 16 2
13 28 19 2
13 28 19 2
13 28 19 2
13 28 19 2
1 1 25 2
28 17 17 2
28 17 17 2
17 17 17 2
17 17 17 2
26 19 11 4
26 19 11 4
26 19 11 4
26 19 11 4
26 19 11 4
35 33 28 4
35 33 28 4
35 33 28 4
7 33 28 4
29 29 12 3
29 29 12 3
12 12 12 2
12 12 12 2
12 12 12 2
31 9 9 2
24 9 9 2
24 9 9 2
20 20 10 2
20 20 10 2
20 20 10 2
20 20 10 2
10 10 22 2
10 10 22 2
10 10 22 2
10 10 22 2
10 10 22 2
25 13 13 2
25 13 13 2
16 16 16 2
16 16 16 2
13 28 19 2
13 28 19 2
13 28 19 2
13 28 19 2
13 28 19 2
1 1 25 2
1 1 25 2
28 17 17 2
17 17 17 2
17 17 17 2
26 19 11 4
26 19 11 4
26 19 11 4
26 19 11 4
26 19 11 4
35 33 28 4
35 33 28 4
35 33 28 4
35 33 28 4
29 29 12 3
29 29 12 3
29 29 12 3
12 12 12 2
12 12 12 2
31 9 9 2
24 9 9 2
20 20 10 2
20 20 10 2
20 20 10 2
20 20 10 2
20 20 10 2
10 10 22 2
10 10 22 2
10 10 22 2
10 10 22 2
10 10 22 2
25 13 13 2
25 13 13 2
25 13 13 2
16 16 16 2
13 28 19 2
13 28 19 2
13 28 19 2
13 28 19 2
1 1 25 2
1 1 25 2
1 1 25 2
1 1 25 2
17 17 17 2
17 17 17 2
26 19 11 4
26 19 11 4
26 19 11 4
26 19 11 4
26 19 11 4
35 33 28 4
35 33 28 4
35 33 28 4
35 33 28 4
29 29 12 3
29 29 12 3
29 29 12 3
12 12 12 2
12 12 12 2
31 9 9 2
24 9 9 2
20 20 10 2
20 20 10 2
20 20 10 2
20 20 10 2
20 20 10 2
10 10 22 2
10 10 22 2
10 10 22 2
10 10 22 2
25 13 13 2
25 13 13 2
25 13 13 2
25 13 13 2
16 16 16 2
13 28 19 2
13 28 19 2
13 28 19 2
1 1 25 2
1 1 25 2
1 1 25 2
1 1 25 2
1 1 25 2
1 1 25 2
1 1 25 2
26 19 11 4
14 0 0 4
26 19 11 4
26 19 11 4
11 11 28 4
11 11 28 4
11 11 28 4
11 11 28 4
11 11 28 4
29 29 12 3
29 29 12 3
29 29 12 3
12 12 12 2
12 12 12 2
31 9 9 2
24 9 9 2
20 20 10 2
20 20 10 2
20 20 10 2
20 20 10 2
20 20 10 2
10 10 22 2
10 10 22 2
10 10 22 2
10 10 22 2
25 13 13 2
25 13 13 2
25 13 13 2
25 13 13 2
25 13 13 2
13 28 19 2
13 28 19 2
13 28 19 2
1 1 25 2
1 1 25 2
1 1 25 2
1 1 25 2
1 1 25 2
1 1 25 2
14 0 0 4
14 0 0 4
14 0 0 4
26 19 11 4
26 19 11 4
26 19 11 4
11 11 28 4
11 11 28 4
11 11 28 4
11 11 28 4
29 29 12 3
29 29 12 3
29 29 12 3
12 12 12 2
12 12 12 2
31 9 9 2
24 9 9 2
20 20 10 2
20 20 10 2
20 20 10 2
20 20 10 2
20 20 10 2
10 10 22 2
10 10 22 2
10 10 22 2
10 10 22 2
25 13 13 2
25 13 13 2
25 13 13 2
25 13 13 2
25 13 13 2
25 13 13 2
13 28 19 2
13 28 19 2
1 1 25 2
1 1 25 2
1 1 25 2
1 1 25 2
1 1 25 2
1 1 25 2
14 0 0 4
14 0 0 4
14 0 0 4
14 0 0 4
14 0 0 4
14 0 0 4
11 11 28 4
11 11 28 4
11 11 28 4
11 11 28 4
29 29 12 3
29 29 12 3
29 29 12 3
12 12 12 2
12 12 12 2
31 9 9 2
24 9 9 2
27 6 29 3
20 20 10 2
20 20 10 2
20 20 10 2
20 20 10 2
10 10 22 2
10 10 22 2
10 10 22 2
25 13 13 2
25 13 13 2
25 13 13 2
25 13 13 2
25 13 13 2
25 13 13 2
25 13 13 2
25 13 13 2
13 28 19 2
34 18 1 2
34 18 1 2
18 18 1 2
18 18 1 2
18 18 1 2
18 18 1 2
14 0 0 4
14 0 0 4
14 0 0 4
14 0 0 4
14 0 0 4
14 0 0 4
11 11 28 4
11 11 28 4
11 11 28 4
11 11 28 4
5 5 5 3
5 5 5 3
5 5 5 3
5 5 5 3
5 5 5 3
31 9 9 2
27 6 29 3
27 6 29 3
6 6 29 3
6 6 29 3
20 20 10 2
20 20 10 2
10 10 22 2
10 10 22 2
10 10 22 2
25 13 13 2
25 13 13 2
25 13 13 2
25 13 13 2
25 13 13 2
25 13 13 2
25 13 13 2
25 13 13 2
34 18 1 2
34 18 1 2
34 18 1 2
18 18 1 2
18 18 1 2
18 18 1 2
18 18 1 2
14 0 0 4
14 0 0 4
14 0 0 4
14 0 0 4
14 0 0 4
14 0 0 4
11 11 28 4
11 11 28 4
11 11 28 4
5 5 5 3
5 5 5 3
5 5 5 3
5 5 5 3
5 5 5 3
5 5 5 3
32 15 15 4
27 6 29 3
27 6 29 3
6 6 29 3
6 6 29 3
6 6 29 3
6 6 29 3
10 10 22 2
10 10 22 2
10 10 22 2
25 13 13 2
25 13 13 2
25 13 13 2
25 13 13 2
25 13 13 2
25 13 13 2
25 13 13 2
34 18 1 2
34 18 1 2
34 18 1 2
34 18 1 2
18 18 1 2
18 18 1 2
18 18 1 2
18 18 1 2
14 0 0 4
14 0 0 4
14 0 0 4
14 0 0 4
14 0 0 4
14 0 0 4
14 0 0 4
11 11 28 4
11 11 28 4
5 5 5 3
5 5 5 3
5 5 5 3
5 5 5 3
5 5 5 3
5 5 5 3
32 15 15 4
27 6 29 3
27 6 29 3
6 6 29 3
6 6 29 3
6 6 29 3
6 6 29 3
10 10 22 2
10 10 22 2
10 10 22 2
25 13 13 2
25 13 13 2
25 13 13 2
25 13 13 2
25 13 13 2
25 13 13 2
25 13 13 2
34 18 1 2
34 18 1 2
34 18 1 2
34 18 1 2
18 18 1 2
18 18 1 2
18 18 1 2
14 0 0 4
14 0 0 4
14 0 0 4
14 0 0 4
14 0 0 4
14 0 0 4
14 0 0 4
14 0 0 4
8 21 5 4
8 21 5 4
5 5 5 3
5 5 5 3
5 5 5 3
5 5 5 3
5 5 5 3
5 5 5 3
32 15 15 4
27 6 29 3
27 6 29 3
6 6 29 3
6 6 29 3
6 6 29 3
6 6 29 3
6 6 29 3
10 10 22 2
10 10 22 2
25 13 13 2
25 13 13 2
25 13 13 2
25 13 13 2
25 13 13 2
25 13 13 2
25 13 13 2
34 18 1 2
34 18 1 2
34 18 1 2
34 18 1 2
18 18 1 2
18 18 1 2
18 18 1 2
14 0 0 4
14 0 0 4
14 0 0 4
14 0 0 4
14 0 0 4
14 0 0 4
14 0 0 4
8 21 5 4
8 21 5 4
8 21 5 4
8 21 5 4
5 5 5 3
5 5 5 3
5 5 5 3
5 5 5 3
32 15 15 4
32 15 15 4
27 6 29 3
27 6 29 3
6 6 29 3
6 6 29 3
6 6 29 3
6 6 29 3
6 6 29 3
10 10 22 2
10 10 22 2
25 13 13 2
25 13 13 2
25 13 13 2
25 13 13 2
25 13 13 2
25 13 13 2
25 13 13 2
2 2 2 0
2 2 2 0
2 2 2 0
34 18 1 2
18 18 1 2
18 18 1 2
18 18 1 2
14 0 0 4
14 0 0 4
14 0 0 4
14 0 0 4
14 0 0 4
14 0 0 4
14 0 0 4
8 21 5 4
8 21 5 4
8 21 5 4
8 21 5 4
5 5 5 3
5 5 5 3
5 5 5 3
5 5 5 3
32 15 15 4
32 15 15 4
27 6 29 3
27 6 29 3
27 6 29 3
6 6 29 3
6 6 29 3
6 6 29 3
6 6 29 3
10 10 22 2
10 10 22 2
25 13 13 2
25 13 13 2
25 13 13 2
25 13 13 2
25 13 13 2
25 13 13 2
2 2 2 0
2 2 2 0
2 2 2 0
2 2 2 0
34 18 1 2
18 18 1 2
18 18 1 2
22 14 14 4
22 14 14 4
22 14 14 4
14 0 0 4
14 0 0 4
14 0 0 4
14 0 0 4
14 0 0 4
8 21 5 4
8 21 5 4
8 21 5 4
8 21 5 4
8 21 5 4
5 5 5 3
5 5 5 3
32 15 15 4
32 15 15 4
32 15 15 4
27 6 29 3
27 6 29 3
27 6 29 3
6 6 29 3
6 6 29 3
6 6 29 3
6 6 29 3
23 7 7 0
23 7 7 0
25 13 13 2
25 13 13 2
25 13 13 2
25 13 13 2
25 13 13 2
25 13 13 2
2 2 2 0
2 2 2 0
2 2 2 0
2 2 2 0
2 2 2 0
2 2 2 0
2 2 2 0
22 14 14 4
22 14 14 4
22 14 14 4
22 14 14 4
14 0 0 4
14 0 0 4
14 0 0 4
14 0 0 4
8 21 5 4
8 21 5 4
8 21 5 4
8 21 5 4
8 21 5 4
8 21 5 4
32 15 15 4
32 15 15 4
32 15 15 4
32 15 15 4
32 15 15 4
27 6 29 3
27 6 29 3
6 6 29 3
6 6 29 3
6 6 29 3
23 7 7 0
23 7 7 0
23 7 7 0
23 7 7 0
25 13 13 2
25 13 13 2
25 13 13 2
25 13 13 2
2 2 2 0
2 2 2 0
2 2 2 0
2 2 2 0
2 2 2 0
2 2 2 0
2 2 2 0
2 2 2 0
22 14 14 4
22 14 14 4
22 14 14 4
22 14 14 4
22 14 14 4
14 0 0 4
14 0 0 4
8 21 5 4
8 21 5 4
8 21 5 4
8 21 5 4
8 21 5 4
8 21 5 4
8 21 5 4
8 21 5 4
32 15 15 4
32 15 15 4
32 15 15 4
15 15 15 4
15 15 15 4
15 15 15 4
6 6 29 3
6 6 29 3
6 6 29 3
23 7 7 0
23 7 7 0
23 7 7 0
23 7 7 0
25 13 13 2
25 13 13 2
25 13 13 2
25 13 13 2
2 2 2 0
2 2 2 0
2 2 2 0
2 2 2 0
2 2 2 0
2 2 2 0
2 2 2 0
22 14 14 4
22 14 14 4
22 14 14 4
22 14 14 4
22 14 14 4
22 14 14 4
14 0 0 4
30 8 8 4
30 8 8 4
30 8 8 4
30 8 8 4
30 8 8 4
8 21 5 4
8 21 5 4
8 21 5 4
8 21 5 4
9 15 15 4
9 15 15 4
9 15 15 4
15 15 15 4
15 15 15 4
15 15 15 4
15 15 15 4
15 15 15 4
23 7 7 0
23 7 7 0
23 7 7 0
23 7 7 0
23 7 7 0
25 13 13 2
25 13 13 2
25 13 13 2
25 13 13 2
25 13 13 2
2 2 2 0
2 2 2 0
2 2 2 0
2 2 2 0
2 2 2 0
2 2 2 0
22 14 14 4
22 14 14 4
22 14 14 4
22 14 14 4
22 14 14 4
22 14 14 4
14 0 0 4
14 0 0 4
30 8 8 4
30 8 8 4
30 8 8 4
30 8 8 4
8 21 5 4
8 21 5 4
8 21 5 4
9 15 15 4
9 15 15 4
9 15 15 4
9 15 15 4
15 15 15 4
15 15 15 4
15 15 15 4
15 15 15 4
15 15 15 4
23 7 7 0
23 7 7 0
23 7 7 0
23 7 7 0
23 7 7 0
23 7 7 0
23 7 7 0
23 7 7 0
23 7 7 0
23 7 7 0
2 2 2 0
2 2 2 0
2 2 2 0
2 2 2 0
2 2 2 0
2 2 2 0
22 14 14 4
22 14 14 4
22 14 14 4
22 14 14 4
22 14 14 4
22 14 14 4
14 0 0 4
14 0 0 4
30 8 8 4
30 8 8 4
30 8 8 4
30 8 8 4
8 21 5 4
8 21 5 4
8 21 5 4
9 15 15 4
9 15 15 4
9 15 15 4
9 15 15 4
15 15 15 4
15 15 15 4
15 15 15 4
15 15 15 4
15 15 15 4
23 7 7 0
23 7 7 0
23 7 7 0
23 7 7 0
23 7 7 0
23 7 7 0
23 7 7 0
23 7 7 0
23 7 7 0
23 7 7 0
2 2 2 0
2 2 2 0
2 2 2 0
2 2 2 0
2 2 2 0
2 2 2 0
22 14 14 4
22 14 14 4
22 14 14 4
22 14 14 4
22 14 14 4
