26 19 18 1
26 19 18 1
26 19 18 1
21 19 18 1
21 19 18 1
19 34 28 1
19 34 28 1
19 34 28 1
19 34 28 1
19 34 28 1
4 4 4 1
4 4 4 1
4 4 4 1
4 4 4 1
24 9 9 1
24 9 9 1
24 9 9 1
20 20 10 1
0 3 3 1
0 3 3 1
0 3 3 1
3 3 3 1
3 3 3 1
3 3 3 1
3 3 3 1
3 3 3 1
16 16 16 2
16 16 16 2
16 16 16 2
16 16 16 2
16 16 16 2
13 28 19 2
28 17 17 2
28 17 17 2
28 17 17 2
28 17 17 2
28 17 17 2
17 17 17 2
17 17 17 2
17 17 17 2
26 19 18 1
26 19 18 1
26 19 18 1
21 19 18 1
21 19 18 1
19 34 28 1
19 34 28 1
19 34 28 1
19 34 28 1
19 34 28 1
4 4 4 1
4 4 4 1
4 4 4 1
4 4 4 1
24 9 9 1
24 9 9 1
24 9 9 1
20 20 10 1
3 3 3 1
3 3 3 1
3 3 3 1
3 3 3 1
3 3 3 1
3 3 3 1
3 3 3 1
3 3 3 1
16 16 16 2
16 16 16 2
16 16 16 2
16 16 16 2
16 16 16 2
13 28 19 2
13 28 19 2
28 17 17 2
28 17 17 2
28 17 17 2
28 17 17 2
17 17 17 2
17 17 17 2
17 17 17 2
26 19 18 1
26 19 18 1
26 19 18 1
21 19 18 1
21 19 18 1
19 34 28 1
19 34 28 1
19 34 28 1
19 34 28 1
19 34 28 1
33 30 4 1
33 30 4 1
4 4 4 1
4 4 4 1
24 9 9 1
24 9 9 1
24 9 9 1
20 20 10 1
20 20 10 1
3 3 3 1
3 3 3 1
3 3 3 1
3 3 3 1
3 3 3 1
3 3 3 1
16 16 16 2
16 16 16 2
16 16 16 2
16 16 16 2
16 16 16 2
16 16 16 2
13 28 19 2
13 28 19 2
28 17 17 2
28 17 17 2
28 17 17 2
28 17 17 2
17 17 17 2
17 17 17 2
17 17 17 2
26 19 18 1
26 19 18 1
26 19 18 1
21 19 18 1
21 19 18 1
7 33 28 1
7 33 28 1
7 33 28 1
7 33 28 1
7 33 28 1
33 30 4 1
33 30 4 1
33 30 4 1
31 9 9 1
24 9 9 1
24 9 9 1
24 9 9 1
20 20 10 1
20 20 10 1
3 3 3 1
3 3 3 1
3 3 3 1
3 3 3 1
3 3 3 1
3 3 3 1
16 16 16 2
16 16 16 2
16 16 16 2
16 16 16 2
16 16 16 2
16 16 16 2
13 28 19 2
13 28 19 2
28 17 17 2
28 17 17 2
28 17 17 2
28 17 17 2
17 17 17 2
17 17 17 2
26 19 18 1
26 19 18 1
26 19 18 1
21 19 18 1
21 19 18 1
21 19 18 1
35 33 28 1
35 33 28 1
7 33 28 1
7 33 28 1
33 30 4 1
33 30 4 1
33 30 4 1
31 9 9 1
31 9 9 1
24 9 9 1
24 9 9 1
24 9 9 1
20 20 10 1
20 20 10 1
10 10 22 4
10 10 22 4
10 10 22 4
10 10 22 4
10 10 22 4
10 10 22 4
16 16 16 2
16 16 16 2
16 16 16 2
16 16 16 2
16 16 16 2
13 28 19 2
13 28 19 2
13 28 19 2
1 1 25 2
1 1 25 2
28 17 17 2
28 17 17 2
17 17 17 2
17 17 17 2
26 19 18 1
26 19 18 1
26 19 18 1
21 19 18 1
21 19 18 1
21 19 18 1
35 33 28 1
35 33 28 1
35 33 28 1
35 33 28 1
29 29 12 1
12 12 12 1
12 12 12 1
31 9 9 1
31 9 9 1
24 9 9 1
24 9 9 1
24 9 9 1
20 20 10 1
20 20 10 1
10 10 22 4
10 10 22 4
10 10 22 4
10 10 22 4
10 10 22 4
10 10 22 4
10 10 22 4
16 16 16 2
16 16 16 2
16 16 16 2
16 16 16 2
13 28 19 2
13 28 19 2
13 28 19 2
13 28 19 2
1 1 25 2
28 17 17 2
28 17 17 2
17 17 17 2
17 17 17 2
26 19 18 1
26 19 18 1
26 19 18 1
21 19 18 1
21 19 18 1
21 19 18 1
35 33 28 1
35 33 28 1
35 33 28 1
29 29 12 1
29 29 12 1
12 12 12 1
12 12 12 1
12 12 12 1
31 9 9 1
24 9 9 1
24 9 9 1
20 20 10 1
20 20 10 1
20 20 10 1
10 10 22 4
10 10 22 4
10 10 22 4
10 10 22 4
10 10 22 4
10 10 22 4
10 10 22 4
16 16 16 2
16 16 16 2
16 16 16 2
13 28 19 2
13 28 19 2
13 28 19 2
13 28 19 2
13 28 19 2
1 1 25 2
1 1 25 2
28 17 17 2
17 17 17 2
17 17 17 2
17 17 17 2
26 19 18 1
26 19 18 1
26 19 18 1
21 19 18 1
11 11 21 1
11 11 21 1
35 33 28 1
35 33 28 1
29 29 12 1
29 29 12 1
12 12 12 1
12 12 12 1
12 12 12 1
31 9 9 1
24 9 9 1
24 9 9 1
20 20 10 1
20 20 10 1
20 20 10 1
20 20 10 1
10 10 22 4
10 10 22 4
10 10 22 4
10 10 22 4
10 10 22 4
10 10 22 4
25 13 13 3
16 16 16 2
16 16 16 2
13 28 19 2
13 28 19 2
13 28 19 2
13 28 19 2
1 1 25 2
1 1 25 2
1 1 25 2
28 17 17 2
17 17 17 2
17 17 17 2
17 17 17 2
26 19 18 1
26 19 18 1
26 19 18 1
21 19 18 1
11 11 21 1
11 11 21 1
11 11 21 1
29 29 12 1
29 29 12 1
29 29 12 1
29 29 12 1
12 12 12 1
12 12 12 1
31 9 9 1
24 9 9 1
24 9 9 1
20 20 10 1
20 20 10 1
20 20 10 1
10 10 22 4
10 10 22 4
10 10 22 4
10 10 22 4
10 10 22 4
10 10 22 4
25 13 13 3
25 13 13 3
25 13 13 3
16 16 16 2
13 28 19 2
13 28 19 2
13 28 19 2
1 1 25 2
1 1 25 2
1 1 25 2
1 1 25 2
28 17 17 2
17 17 17 2
17 17 17 2
17 17 17 2
26 19 18 1
26 19 18 1
26 19 18 1
11 11 21 1
11 11 21 1
11 11 21 1
11 11 21 1
11 11 21 1
29 29 12 1
29 29 12 1
29 29 12 1
12 12 12 1
12 12 12 1
31 9 9 1
24 9 9 1
24 9 9 1
20 20 10 1
20 20 10 1
20 20 10 1
10 10 22 4
10 10 22 4
10 10 22 4
10 10 22 4
10 10 22 4
25 13 13 3
25 13 13 3
25 13 13 3
25 13 13 3
25 13 13 3
13 28 19 2
13 28 19 2
13 28 19 2
1 1 25 2
1 1 25 2
1 1 25 2
1 1 25 2
28 17 17 2
17 17 17 2
17 17 17 2
17 17 17 2
26 19 18 1
26 19 18 1
26 19 18 1
11 11 21 1
11 11 21 1
11 11 21 1
11 11 21 1
11 11 21 1
29 29 12 1
29 29 12 1
29 29 12 1
12 12 12 1
12 12 12 1
31 9 9 1
24 9 9 1
27 6 29 4
6 6 29 4
6 6 29 4
6 6 29 4
10 10 22 4
10 10 22 4
10 10 22 4
10 10 22 4
10 10 22 4
25 13 13 3
25 13 13 3
25 13 13 3
25 13 13 3
25 13 13 3
25 13 13 3
13 28 19 2
13 28 19 2
1 1 25 2
1 1 25 2
1 1 25 2
1 1 25 2
28 17 17 2
17 17 17 2
17 17 17 2
17 17 17 2
14 0 0 2
14 0 0 2
14 0 0 2
11 11 21 1
11 11 21 1
11 11 21 1
11 11 21 1
11 11 21 1
29 29 12 1
29 29 12 1
29 29 12 1
12 12 12 1
12 12 12 1
31 9 9 1
27 6 29 4
27 6 29 4
6 6 29 4
6 6 29 4
6 6 29 4
6 6 29 4
10 10 22 4
10 10 22 4
10 10 22 4
10 10 22 4
25 13 13 3
25 13 13 3
25 13 13 3
25 13 13 3
25 13 13 3
25 13 13 3
25 13 13 3
13 28 19 2
34 18 1 2
34 18 1 2
18 18 1 2
18 18 1 2
18 18 1 2
17 17 17 2
17 17 17 2
17 17 17 2
14 0 0 2
14 0 0 2
14 0 0 2
11 11 21 1
11 11 21 1
11 11 21 1
11 11 21 1
11 11 21 1
5 5 5 1
5 5 5 1
5 5 5 1
5 5 5 1
5 5 5 1
27 6 29 4
27 6 29 4
27 6 29 4
6 6 29 4
6 6 29 4
6 6 29 4
6 6 29 4
10 10 22 4
10 10 22 4
10 10 22 4
25 13 13 3
25 13 13 3
25 13 13 3
25 13 13 3
25 13 13 3
25 13 13 3
25 13 13 3
25 13 13 3
34 18 1 2
34 18 1 2
34 18 1 2
18 18 1 2
18 18 1 2
18 18 1 2
17 17 17 2
17 17 17 2
14 0 0 2
14 0 0 2
14 0 0 2
14 0 0 2
14 0 0 2
11 11 21 1
11 11 21 1
11 11 21 1
5 5 5 1
5 5 5 1
5 5 5 1
5 5 5 1
5 5 5 1
5 5 5 1
27 6 29 4
27 6 29 4
27 6 29 4
6 6 29 4
6 6 29 4
6 6 29 4
6 6 29 4
10 10 22 4
10 10 22 4
10 10 22 4
25 13 13 3
25 13 13 3
25 13 13 3
25 13 13 3
25 13 13 3
25 13 13 3
25 13 13 3
34 18 1 2
34 18 1 2
34 18 1 2
34 18 1 2
18 18 1 2
18 18 1 2
18 18 1 2
17 17 17 2
17 17 17 2
14 0 0 2
14 0 0 2
14 0 0 2
14 0 0 2
14 0 0 2
11 11 21 1
11 11 21 1
5 5 5 1
5 5 5 1
5 5 5 1
5 5 5 1
5 5 5 1
5 5 5 1
5 5 5 1
32 15 15 4
27 6 29 4
27 6 29 4
6 6 29 4
6 6 29 4
6 6 29 4
6 6 29 4
10 10 22 4
10 10 22 4
10 10 22 4
25 13 13 3
25 13 13 3
25 13 13 3
25 13 13 3
25 13 13 3
25 13 13 3
34 18 1 2
34 18 1 2
34 18 1 2
34 18 1 2
34 18 1 2
18 18 1 2
18 18 1 2
18 18 1 2
22 14 14 2
22 14 14 2
14 0 0 2
14 0 0 2
14 0 0 2
14 0 0 2
14 0 0 2
14 0 0 2
5 5 5 1
5 5 5 1
5 5 5 1
5 5 5 1
5 5 5 1
5 5 5 1
5 5 5 1
5 5 5 1
32 15 15 4
27 6 29 4
27 6 29 4
6 6 29 4
6 6 29 4
6 6 29 4
6 6 29 4
6 6 29 4
10 10 22 4
10 10 22 4
23 7 7 4
25 13 13 3
25 13 13 3
25 13 13 3
25 13 13 3
25 13 13 3
34 18 1 2
34 18 1 2
34 18 1 2
34 18 1 2
34 18 1 2
18 18 1 2
18 18 1 2
18 18 1 2
22 14 14 2
14 0 0 2
14 0 0 2
14 0 0 2
14 0 0 2
14 0 0 2
14 0 0 2
30 8 8 2
30 8 8 2
5 5 5 1
5 5 5 1
5 5 5 1
5 5 5 1
5 5 5 1
5 5 5 1
32 15 15 4
32 15 15 4
27 6 29 4
27 6 29 4
6 6 29 4
6 6 29 4
6 6 29 4
6 6 29 4
6 6 29 4
10 10 22 4
23 7 7 4
23 7 7 4
23 7 7 4
25 13 13 3
25 13 13 3
25 13 13 3
25 13 13 3
2 2 2 3
2 2 2 3
2 2 2 3
2 2 2 3
34 18 1 2
18 18 1 2
18 18 1 2
22 14 14 2
22 14 14 2
22 14 14 2
14 0 0 2
14 0 0 2
14 0 0 2
14 0 0 2
14 0 0 2
30 8 8 2
30 8 8 2
8 8 8 2
8 8 8 2
5 5 5 1
5 5 5 1
5 5 5 1
32 15 15 4
32 15 15 4
32 15 15 4
27 6 29 4
27 6 29 4
27 6 29 4
6 6 29 4
6 6 29 4
6 6 29 4
6 6 29 4
10 10 22 4
23 7 7 4
23 7 7 4
23 7 7 4
25 13 13 3
25 13 13 3
25 13 13 3
2 2 2 3
2 2 2 3
2 2 2 3
2 2 2 3
2 2 2 3
34 18 1 2
18 18 1 2
18 18 1 2
22 14 14 2
22 14 14 2
22 14 14 2
14 0 0 2
14 0 0 2
14 0 0 2
14 0 0 2
30 8 8 2
30 8 8 2
30 8 8 2
8 8 8 2
8 8 8 2
8 8 8 2
5 5 5 1
5 5 5 1
32 15 15 4
32 15 15 4
32 15 15 4
27 6 29 4
27 6 29 4
27 6 29 4
6 6 29 4
6 6 29 4
6 6 29 4
6 6 29 4
23 7 7 4
23 7 7 4
23 7 7 4
23 7 7 4
23 7 7 4
25 13 13 3
25 13 13 3
2 2 2 3
2 2 2 3
2 2 2 3
2 2 2 3
2 2 2 3
2 2 2 3
2 2 2 3
18 18 1 2
22 14 14 2
22 14 14 2
22 14 14 2
22 14 14 2
14 0 0 2
14 0 0 2
14 0 0 2
30 8 8 2
30 8 8 2
30 8 8 2
8 8 8 2
8 8 8 2
8 8 8 2
8 8 8 2
32 15 15 4
32 15 15 4
32 15 15 4
32 15 15 4
32 15 15 4
27 6 29 4
6 6 29 4
6 6 29 4
6 6 29 4
6 6 29 4
6 6 29 4
23 7 7 4
23 7 7 4
23 7 7 4
23 7 7 4
23 7 7 4
23 7 7 4
2 2 2 3
2 2 2 3
2 2 2 3
2 2 2 3
2 2 2 3
2 2 2 3
2 2 2 3
2 2 2 3
2 2 2 3
22 14 14 2
22 14 14 2
22 14 14 2
22 14 14 2
22 14 14 2
14 0 0 2
30 8 8 2
30 8 8 2
30 8 8 2
30 8 8 2
8 8 8 2
8 8 8 2
8 8 8 2
8 8 8 2
8 8 8 2
32 15 15 4
32 15 15 4
32 15 15 4
15 15 15 4
27 6 29 4
6 6 29 4
6 6 29 4
6 6 29 4
6 6 29 4
23 7 7 4
23 7 7 4
23 7 7 4
23 7 7 4
23 7 7 4
23 7 7 4
23 7 7 4
23 7 7 4
2 2 2 3
2 2 2 3
2 2 2 3
2 2 2 3
2 2 2 3
2 2 2 3
2 2 2 3
22 14 14 2
22 14 14 2
22 14 14 2
22 14 14 2
22 14 14 2
14 0 0 2
14 0 0 2
30 8 8 2
30 8 8 2
30 8 8 2
30 8 8 2
30 8 8 2
8 8 8 2
8 8 8 2
8 8 8 2
9 15 15 4
9 15 15 4
9 15 15 4
9 15 15 4
15 15 15 4
15 15 15 4
15 15 15 4
6 6 29 4
6 6 29 4
6 6 29 4
23 7 7 4
23 7 7 4
23 7 7 4
23 7 7 4
23 7 7 4
23 7 7 4
23 7 7 4
23 7 7 4
2 2 2 3
2 2 2 3
2 2 2 3
2 2 2 3
2 2 2 3
2 2 2 3
2 2 2 3
22 14 14 2
22 14 14 2
22 14 14 2
22 14 14 2
22 14 14 2
14 0 0 2
14 0 0 2
30 8 8 2
30 8 8 2
30 8 8 2
30 8 8 2
30 8 8 2
8 8 8 2
8 8 8 2
8 8 8 2
9 15 15 4
9 15 15 4
9 15 15 4
9 15 15 4
15 15 15 4
15 15 15 4
6 6 29 4
6 6 29 4
6 6 29 4
6 6 29 4
23 7 7 4
23 7 7 4
23 7 7 4
23 7 7 4
23 7 7 4
23 7 7 4
23 7 7 4
23 7 7 4
23 7 7 4
2 2 2 3
2 2 2 3
2 2 2 3
2 2 2 3
2 2 2 3
2 2 2 3
22 14 14 2
22 14 14 2
22 14 14 2
22 14 14 2
22 14 14 2
14 0 0 2
14 0 0 2
30 8 8 2
30 8 8 2
30 8 8 2
30 8 8 2
30 8 8 2
8 8 8 2
8 8 8 2
8 8 8 2
9 15 15 4
9 15 15 4
9 15 15 4
9 15 15 4
15 15 15 4
15 15 15 4
6 6 29 4
6 6 29 4
6 6 29 4
6 6 29 4
23 7 7 4
23 7 7 4
23 7 7 4
23 7 7 4
23 7 7 4
23 7 7 4
23 7 7 4
23 7 7 4
23 7 7 4
2 2 2 3
2 2 2 3
2 2 2 3
2 2 2 3
2 2 2 3
2 2 2 3
22 14 14 2
22 14 14 2
22 14 14 2
22 14 14 2
22 14 14 2
