26 19 18 2
26 19 18 2
26 19 18 2
21 19 18 2
21 19 18 2
19 34 28 2
19 34 28 2
19 34 28 2
19 34 28 2
33 4 4 0
33 4 4 0
33 4 4 0
4 4 4 0
4 4 4 0
4 4 4 0
4 4 4 0
24 9 9 1
0 3 3 0
0 3 3 0
0 3 3 0
0 3 3 0
3 3 3 0
3 3 3 0
3 3 3 0
3 3 3 0
3 3 3 0
16 16 16 4
16 16 16 4
16 16 16 4
16 16 16 4
13 28 19 4
13 28 19 4
13 28 19 4
13 28 19 4
28 17 17 4
28 17 17 4
28 17 17 4
17 17 17 4
17 17 17 4
17 17 17 4
26 19 18 2
26 19 18 2
26 19 18 2
21 19 18 2
21 19 18 2
19 34 28 2
19 34 28 2
19 34 28 2
19 34 28 2
19 34 28 2
33 4 4 0
33 4 4 0
4 4 4 0
4 4 4 0
4 4 4 0
4 4 4 0
24 9 9 1
20 20 10 1
0 3 3 0
0 3 3 0
0 3 3 0
3 3 3 0
3 3 3 0
3 3 3 0
3 3 3 0
3 3 3 0
16 16 16 4
16 16 16 4
16 16 16 4
16 16 16 4
13 28 19 4
13 28 19 4
13 28 19 4
13 28 19 4
28 17 17 4
28 17 17 4
28 17 17 4
17 17 17 4
17 17 17 4
17 17 17 4
26 19 18 2
26 19 18 2
26 19 18 2
21 19 18 2
21 19 18 2
19 34 28 2
19 34 28 2
19 34 28 2
19 34 28 2
19 34 28 2
33 4 4 0
33 4 4 0
4 4 4 0
4 4 4 0
4 4 4 0
4 4 4 0
24 9 9 1
20 20 10 1
20 20 10 1
0 3 3 0
0 3 3 0
3 3 3 0
3 3 3 0
3 3 3 0
3 3 3 0
16 16 16 4
16 16 16 4
16 16 16 4
16 16 16 4
16 16 16 4
13 28 19 4
13 28 19 4
13 28 19 4
13 28 19 4
28 17 17 4
28 17 17 4
28 17 17 4
17 17 17 4
17 17 17 4
17 17 17 4
26 19 18 2
26 19 18 2
26 19 18 2
21 19 18 2
21 19 18 2
7 33 28 2
7 33 28 2
7 33 28 2
7 33 28 2
7 33 28 2
33 4 4 0
33 4 4 0
4 4 4 0
4 4 4 0
4 4 4 0
24 9 9 1
24 9 9 1
20 20 10 1
20 20 10 1
0 3 3 0
0 3 3 0
3 3 3 0
3 3 3 0
3 3 3 0
16 16 16 4
16 16 16 4
16 16 16 4
16 16 16 4
16 16 16 4
16 16 16 4
16 16 16 4
13 28 19 4
13 28 19 4
13 28 19 4
28 17 17 4
28 17 17 4
28 17 17 4
17 17 17 4
17 17 17 4
26 19 18 2
26 19 18 2
26 19 18 2
21 19 18 2
21 19 18 2
21 19 18 2
35 33 28 2
35 33 28 2
7 33 28 2
7 33 28 2
29 29 12 2
33 4 4 0
33 4 4 0
4 4 4 0
24 9 9 1
24 9 9 1
24 9 9 1
24 9 9 1
20 20 10 1
20 20 10 1
20 20 10 1
10 10 22 1
10 10 22 1
10 10 22 1
10 10 22 1
10 10 22 1
16 16 16 4
16 16 16 4
16 16 16 4
16 16 16 4
16 16 16 4
13 28 19 4
13 28 19 4
13 28 19 4
13 28 19 4
28 17 17 4
28 17 17 4
28 17 17 4
17 17 17 4
17 17 17 4
26 19 18 2
26 19 18 2
26 19 18 2
21 19 18 2
21 19 18 2
21 19 18 2
35 33 28 2
35 33 28 2
35 33 28 2
35 33 28 2
29 29 12 2
12 12 12 2
12 12 12 2
4 4 4 0
31 9 9 1
31 9 9 1
31 9 9 1
24 9 9 1
20 20 10 1
20 20 10 1
20 20 10 1
10 10 22 1
10 10 22 1
10 10 22 1
10 10 22 1
10 10 22 1
16 16 16 4
16 16 16 4
16 16 16 4
16 16 16 4
16 16 16 4
13 28 19 4
13 28 19 4
13 28 19 4
13 28 19 4
28 17 17 4
28 17 17 4
28 17 17 4
17 17 17 4
17 17 17 4
17 17 17 4
26 19 18 2
26 19 18 2
21 19 18 2
21 19 18 2
21 19 18 2
35 33 28 2
35 33 28 2
35 33 28 2
29 29 12 2
29 29 12 2
12 12 12 2
12 12 12 2
12 12 12 2
12 12 12 2
12 12 12 2
20 20 10 1
20 20 10 1
20 20 10 1
20 20 10 1
20 20 10 1
10 10 22 1
10 10 22 1
10 10 22 1
10 10 22 1
10 10 22 1
10 10 22 1
16 16 16 4
16 16 16 4
16 16 16 4
13 28 19 4
13 28 19 4
13 28 19 4
13 28 19 4
13 28 19 4
28 17 17 4
28 17 17 4
28 17 17 4
17 17 17 4
17 17 17 4
17 17 17 4
26 19 18 2
26 19 18 2
21 19 18 2
21 19 18 2
11 11 21 2
11 11 21 2
35 33 28 2
35 33 28 2
29 29 12 2
29 29 12 2
12 12 12 2
12 12 12 2
12 12 12 2
12 12 12 2
12 12 12 2
20 20 10 1
20 20 10 1
20 20 10 1
20 20 10 1
20 20 10 1
10 10 22 1
10 10 22 1
10 10 22 1
10 10 22 1
10 10 22 1
10 10 22 1
25 13 13 4
16 16 16 4
16 16 16 4
13 28 19 4
13 28 19 4
13 28 19 4
13 28 19 4
13 28 19 4
28 17 17 4
28 17 17 4
28 17 17 4
17 17 17 4
17 17 17 4
17 17 17 4
26 19 18 2
26 19 18 2
11 11 21 2
11 11 21 2
11 11 21 2
11 11 21 2
11 11 21 2
29 29 12 2
29 29 12 2
29 29 12 2
29 29 12 2
12 12 12 2
12 12 12 2
12 12 12 2
12 12 12 2
20 20 10 1
20 20 10 1
20 20 10 1
20 20 10 1
20 20 10 1
10 10 22 1
10 10 22 1
10 10 22 1
10 10 22 1
10 10 22 1
25 13 13 4
25 13 13 4
25 13 13 4
16 16 16 4
13 28 19 4
13 28 19 4
13 28 19 4
13 28 19 4
1 1 25 4
1 1 25 4
1 1 25 4
28 17 17 4
17 17 17 4
17 17 17 4
17 17 17 4
14 0 0 3
11 11 21 2
11 11 21 2
11 11 21 2
11 11 21 2
11 11 21 2
11 11 21 2
11 11 21 2
29 29 12 2
29 29 12 2
29 29 12 2
12 12 12 2
12 12 12 2
12 12 12 2
12 12 12 2
20 20 10 1
20 20 10 1
20 20 10 1
20 20 10 1
20 20 10 1
20 20 10 1
10 10 22 1
10 10 22 1
10 10 22 1
25 13 13 4
25 13 13 4
25 13 13 4
25 13 13 4
25 13 13 4
13 28 19 4
13 28 19 4
13 28 19 4
13 28 19 4
13 28 19 4
28 17 17 4
28 17 17 4
28 17 17 4
28 17 17 4
28 17 17 4
14 0 0 3
14 0 0 3
14 0 0 3
11 11 21 2
11 11 21 2
11 11 21 2
11 11 21 2
11 11 21 2
11 11 21 2
29 29 12 2
29 29 12 2
29 29 12 2
12 12 12 2
12 12 12 2
12 12 12 2
12 12 12 2
6 6 29 1
6 6 29 1
20 20 10 1
20 20 10 1
20 20 10 1
20 20 10 1
10 10 22 1
10 10 22 1
25 13 13 4
25 13 13 4
25 13 13 4
25 13 13 4
25 13 13 4
25 13 13 4
13 28 19 4
13 28 19 4
13 28 19 4
13 28 19 4
34 18 1 4
28 17 17 4
28 17 17 4
28 17 17 4
28 17 17 4
28 17 17 4
14 0 0 3
14 0 0 3
14 0 0 3
11 11 21 2
11 11 21 2
11 11 21 2
11 11 21 2
11 11 21 2
11 11 21 2
29 29 12 2
29 29 12 2
29 29 12 2
12 12 12 2
12 12 12 2
12 12 12 2
12 12 12 2
6 6 29 1
6 6 29 1
6 6 29 1
20 20 10 1
20 20 10 1
20 20 10 1
10 10 22 1
10 10 22 1
25 13 13 4
25 13 13 4
25 13 13 4
25 13 13 4
25 13 13 4
25 13 13 4
25 13 13 4
13 28 19 4
13 28 19 4
34 18 1 4
34 18 1 4
34 18 1 4
28 17 17 4
28 17 17 4
28 17 17 4
14 0 0 3
14 0 0 3
14 0 0 3
14 0 0 3
14 0 0 3
11 11 21 2
11 11 21 2
11 11 21 2
11 11 21 2
5 5 5 2
5 5 5 2
5 5 5 2
5 5 5 2
12 12 12 2
12 12 12 2
12 12 12 2
6 6 29 1
6 6 29 1
6 6 29 1
6 6 29 1
20 20 10 1
20 20 10 1
20 20 10 1
10 10 22 1
25 13 13 4
25 13 13 4
25 13 13 4
25 13 13 4
25 13 13 4
25 13 13 4
25 13 13 4
25 13 13 4
13 28 19 4
13 28 19 4
34 18 1 4
34 18 1 4
34 18 1 4
18 18 1 4
18 18 1 4
18 18 1 4
14 0 0 3
14 0 0 3
14 0 0 3
14 0 0 3
14 0 0 3
14 0 0 3
11 11 21 2
11 11 21 2
11 11 21 2
5 5 5 2
5 5 5 2
5 5 5 2
5 5 5 2
12 12 12 2
32 23 15 2
32 23 15 2
6 6 29 1
6 6 29 1
6 6 29 1
6 6 29 1
6 6 29 1
6 6 29 1
6 6 29 1
6 6 29 1
25 13 13 4
25 13 13 4
25 13 13 4
25 13 13 4
25 13 13 4
25 13 13 4
25 13 13 4
25 13 13 4
34 18 1 4
34 18 1 4
34 18 1 4
18 18 1 4
18 18 1 4
18 18 1 4
18 18 1 4
18 18 1 4
14 0 0 3
14 0 0 3
14 0 0 3
14 0 0 3
14 0 0 3
14 0 0 3
14 0 0 3
11 11 21 2
5 5 5 2
5 5 5 2
5 5 5 2
5 5 5 2
5 5 5 2
5 5 5 2
32 23 15 2
32 23 15 2
6 6 29 1
6 6 29 1
6 6 29 1
6 6 29 1
6 6 29 1
6 6 29 1
6 6 29 1
6 6 29 1
25 13 13 4
25 13 13 4
25 13 13 4
25 13 13 4
25 13 13 4
25 13 13 4
25 13 13 4
34 18 1 4
34 18 1 4
34 18 1 4
34 18 1 4
34 18 1 4
34 18 1 4
34 18 1 4
18 18 1 4
18 18 1 4
14 0 0 3
14 0 0 3
14 0 0 3
14 0 0 3
14 0 0 3
14 0 0 3
14 0 0 3
5 5 5 2
5 5 5 2
5 5 5 2
5 5 5 2
5 5 5 2
5 5 5 2
5 5 5 2
32 23 15 2
32 23 15 2
6 6 29 1
6 6 29 1
6 6 29 1
6 6 29 1
6 6 29 1
6 6 29 1
6 6 29 1
6 6 29 1
6 6 29 1
25 13 13 4
25 13 13 4
25 13 13 4
25 13 13 4
25 13 13 4
25 13 13 4
2 2 2 4
2 2 2 4
2 2 2 4
2 2 2 4
2 2 2 4
2 2 2 4
18 18 1 4
18 18 1 4
22 14 14 3
14 0 0 3
14 0 0 3
14 0 0 3
14 0 0 3
14 0 0 3
14 0 0 3
14 0 0 3
30 8 8 3
5 5 5 2
5 5 5 2
5 5 5 2
5 5 5 2
5 5 5 2
5 5 5 2
32 23 15 2
32 23 15 2
6 6 29 1
6 6 29 1
6 6 29 1
6 6 29 1
6 6 29 1
6 6 29 1
6 6 29 1
6 6 29 1
6 6 29 1
23 7 7 2
25 13 13 4
25 13 13 4
25 13 13 4
25 13 13 4
25 13 13 4
2 2 2 4
2 2 2 4
2 2 2 4
2 2 2 4
2 2 2 4
2 2 2 4
2 2 2 4
18 18 1 4
22 14 14 3
22 14 14 3
14 0 0 3
14 0 0 3
14 0 0 3
14 0 0 3
14 0 0 3
30 8 8 3
30 8 8 3
8 8 8 3
8 8 8 3
5 5 5 2
5 5 5 2
5 5 5 2
32 23 15 2
32 23 15 2
27 6 29 1
27 6 29 1
27 6 29 1
27 6 29 1
6 6 29 1
6 6 29 1
6 6 29 1
6 6 29 1
6 6 29 1
23 7 7 2
23 7 7 2
23 7 7 2
25 13 13 4
25 13 13 4
25 13 13 4
2 2 2 4
2 2 2 4
2 2 2 4
2 2 2 4
2 2 2 4
2 2 2 4
2 2 2 4
2 2 2 4
22 14 14 3
22 14 14 3
22 14 14 3
14 0 0 3
14 0 0 3
14 0 0 3
14 0 0 3
30 8 8 3
30 8 8 3
30 8 8 3
8 8 8 3
8 8 8 3
8 8 8 3
5 5 5 2
5 5 5 2
32 23 15 2
32 23 15 2
32 23 15 2
32 23 15 2
27 6 29 1
27 6 29 1
6 6 29 1
6 6 29 1
6 6 29 1
6 6 29 1
6 6 29 1
23 7 7 2
23 7 7 2
23 7 7 2
23 7 7 2
25 13 13 4
2 2 2 4
2 2 2 4
2 2 2 4
2 2 2 4
2 2 2 4
2 2 2 4
2 2 2 4
2 2 2 4
2 2 2 4
22 14 14 3
22 14 14 3
22 14 14 3
22 14 14 3
22 14 14 3
22 14 14 3
22 14 14 3
30 8 8 3
30 8 8 3
30 8 8 3
8 8 8 3
8 8 8 3
8 8 8 3
5 5 5 2
5 5 5 2
32 23 15 2
32 23 15 2
32 23 15 2
32 23 15 2
32 23 15 2
27 6 29 1
6 6 29 1
6 6 29 1
6 6 29 1
6 6 29 1
23 7 7 2
23 7 7 2
23 7 7 2
23 7 7 2
23 7 7 2
23 7 7 2
2 2 2 4
2 2 2 4
2 2 2 4
2 2 2 4
2 2 2 4
2 2 2 4
2 2 2 4
2 2 2 4
2 2 2 4
22 14 14 3
22 14 14 3
22 14 14 3
22 14 14 3
22 14 14 3
22 14 14 3
30 8 8 3
30 8 8 3
30 8 8 3
30 8 8 3
8 8 8 3
8 8 8 3
8 8 8 3
8 8 8 3
8 8 8 3
32 23 15 2
32 23 15 2
32 23 15 2
32 23 15 2
27 6 29 1
27 6 29 1
6 6 29 1
6 6 29 1
6 6 29 1
23 7 7 2
23 7 7 2
23 7 7 2
23 7 7 2
23 7 7 2
23 7 7 2
23 7 7 2
2 2 2 4
2 2 2 4
2 2 2 4
2 2 2 4
2 2 2 4
2 2 2 4
2 2 2 4
2 2 2 4
22 14 14 3
22 14 14 3
22 14 14 3
22 14 14 3
22 14 14 3
22 14 14 3
22 14 14 3
30 8 8 3
30 8 8 3
30 8 8 3
30 8 8 3
30 8 8 3
8 8 8 3
8 8 8 3
8 8 8 3
9 23 15 2
9 23 15 2
9 23 15 2
15 15 15 2
15 15 15 2
15 15 15 2
15 15 15 2
6 6 29 1
6 6 29 1
6 6 29 1
23 7 7 2
23 7 7 2
23 7 7 2
23 7 7 2
23 7 7 2
23 7 7 2
23 7 7 2
23 7 7 2
2 2 2 4
2 2 2 4
2 2 2 4
2 2 2 4
2 2 2 4
2 2 2 4
2 2 2 4
22 14 14 3
22 14 14 3
22 14 14 3
22 14 14 3
22 14 14 3
22 14 14 3
22 14 14 3
30 8 8 3
30 8 8 3
30 8 8 3
30 8 8 3
30 8 8 3
8 8 8 3
8 8 8 3
8 8 8 3
9 23 15 2
9 23 15 2
9 23 15 2
9 23 15 2
9 23 15 2
9 23 15 2
15 15 15 2
6 6 29 1
6 6 29 1
23 7 7 2
23 7 7 2
23 7 7 2
23 7 7 2
23 7 7 2
23 7 7 2
23 7 7 2
23 7 7 2
23 7 7 2
2 2 2 4
2 2 2 4
2 2 2 4
2 2 2 4
2 2 2 4
2 2 2 4
2 2 2 4
22 14 14 3
22 14 14 3
22 14 14 3
22 14 14 3
22 14 14 3
22 14 14 3
22 14 14 3
30 8 8 3
30 8 8 3
30 8 8 3
30 8 8 3
30 8 8 3
8 8 8 3
8 8 8 3
8 8 8 3
9 23 15 2
9 23 15 2
9 23 15 2
9 23 15 2
9 23 15 2
15 15 15 2
15 15 15 2
6 6 29 1
6 6 29 1
23 7 7 2
23 7 7 2
23 7 7 2
23 7 7 2
23 7 7 2
23 7 7 2
23 7 7 2
23 7 7 2
23 7 7 2
2 2 2 4
2 2 2 4
2 2 2 4
2 2 2 4
2 2 2 4
2 2 2 4
2 2 2 4
22 14 14 3
22 14 14 3
22 14 14 3
22 14 14 3
22 14 14 3
