26 19 18 4
26 19 18 4
26 19 18 4
21 19 18 4
21 19 18 4
19 34 28 4
19 34 28 4
19 34 28 4
19 34 28 4
19 34 28 4
33 4 20 4
33 4 20 4
4 4 20 4
4 4 20 4
24 9 9 4
24 9 9 4
0 3 3 0
0 3 3 0
0 3 3 0
0 3 3 0
0 3 3 0
3 3 3 0
3 3 3 0
3 3 3 0
3 3 3 0
16 16 16 0
16 16 16 0
16 16 16 0
16 16 16 0
13 28 19 0
13 28 19 0
13 28 19 0
13 28 19 0
13 28 19 0
28 17 17 1
28 17 17 1
28 17 17 1
17 17 17 1
17 17 17 1
17 17 17 1
26 19 18 4
26 19 18 4
26 19 18 4
21 19 18 4
21 19 18 4
19 34 28 4
19 34 28 4
19 34 28 4
19 34 28 4
19 34 28 4
33 4 20 4
33 4 20 4
4 4 20 4
4 4 20 4
24 9 9 4
24 9 9 4
24 9 9 4
0 3 3 0
0 3 3 0
0 3 3 0
0 3 3 0
3 3 3 0
3 3 3 0
3 3 3 0
3 3 3 0
16 16 16 0
16 16 16 0
16 16 16 0
16 16 16 0
13 28 19 0
13 28 19 0
13 28 19 0
13 28 19 0
13 28 19 0
28 17 17 1
28 17 17 1
28 17 17 1
17 17 17 1
17 17 17 1
17 17 17 1
26 19 18 4
26 19 18 4
26 19 18 4
21 19 18 4
21 19 18 4
19 34 28 4
19 34 28 4
19 34 28 4
19 34 28 4
19 34 28 4
33 4 20 4
33 4 20 4
4 4 20 4
4 4 20 4
24 9 9 4
24 9 9 4
24 9 9 4
24 9 9 4
0 3 3 0
0 3 3 0
0 3 3 0
3 3 3 0
3 3 3 0
3 3 3 0
3 3 3 0
16 16 16 0
16 16 16 0
16 16 16 0
16 16 16 0
13 28 19 0
13 28 19 0
13 28 19 0
13 28 19 0
13 28 19 0
28 17 17 1
28 17 17 1
28 17 17 1
17 17 17 1
17 17 17 1
17 17 17 1
26 19 18 4
26 19 18 4
26 19 18 4
21 19 18 4
21 19 18 4
35 33 28 4
35 33 28 4
7 33 28 4
7 33 28 4
7 33 28 4
33 4 20 4
33 4 20 4
4 4 20 4
31 9 9 4
24 9 9 4
24 9 9 4
24 9 9 4
24 9 9 4
20 20 10 2
0 3 3 0
0 3 3 0
3 3 3 0
3 3 3 0
3 3 3 0
16 16 16 0
16 16 16 0
16 16 16 0
16 16 16 0
16 16 16 0
16 16 16 0
13 28 19 0
13 28 19 0
13 28 19 0
13 28 19 0
28 17 17 1
28 17 17 1
28 17 17 1
17 17 17 1
17 17 17 1
26 19 18 4
26 19 18 4
26 19 18 4
21 19 18 4
21 19 18 4
21 19 18 4
35 33 28 4
35 33 28 4
7 33 28 4
7 33 28 4
33 4 20 4
33 4 20 4
33 4 20 4
4 4 20 4
31 9 9 4
24 9 9 4
24 9 9 4
24 9 9 4
24 9 9 4
20 20 10 2
20 20 10 2
10 10 22 2
10 10 22 2
10 10 22 2
10 10 22 2
10 10 22 2
16 16 16 0
16 16 16 0
16 16 16 0
16 16 16 0
13 28 19 0
13 28 19 0
13 28 19 0
13 28 19 0
13 28 19 0
1 1 25 0
28 17 17 1
28 17 17 1
17 17 17 1
17 17 17 1
26 19 18 4
26 19 18 4
26 19 18 4
21 19 18 4
21 19 18 4
21 19 18 4
35 33 28 4
35 33 28 4
7 33 28 4
7 33 28 4
12 12 12 4
12 12 12 4
12 12 12 4
31 9 9 4
31 9 9 4
24 9 9 4
24 9 9 4
24 9 9 4
20 20 10 2
20 20 10 2
20 20 10 2
10 10 22 2
10 10 22 2
10 10 22 2
10 10 22 2
10 10 22 2
16 16 16 0
16 16 16 0
16 16 16 0
16 16 16 0
13 28 19 0
13 28 19 0
13 28 19 0
13 28 19 0
13 28 19 0
1 1 25 0
28 17 17 1
28 17 17 1
17 17 17 1
17 17 17 1
26 19 18 4
26 19 18 4
26 19 18 4
21 19 18 4
21 19 18 4
21 19 18 4
35 33 28 4
35 33 28 4
7 33 28 4
7 33 28 4
12 12 12 4
12 12 12 4
12 12 12 4
12 12 12 4
31 9 9 4
24 9 9 4
24 9 9 4
20 20 10 2
20 20 10 2
20 20 10 2
20 20 10 2
10 10 22 2
10 10 22 2
10 10 22 2
10 10 22 2
10 10 22 2
25 13 13 2
25 13 13 2
16 16 16 0
16 16 16 0
13 28 19 0
13 28 19 0
13 28 19 0
13 28 19 0
1 1 25 0
1 1 25 0
1 1 25 0
28 17 17 1
17 17 17 1
17 17 17 1
26 19 18 4
26 19 18 4
26 19 18 4
21 19 18 4
21 19 18 4
11 11 21 4
11 11 21 4
35 33 28 4
7 33 28 4
7 33 28 4
12 12 12 4
12 12 12 4
12 12 12 4
12 12 12 4
31 9 9 4
24 9 9 4
24 9 9 4
20 20 10 2
20 20 10 2
20 20 10 2
20 20 10 2
10 10 22 2
10 10 22 2
10 10 22 2
10 10 22 2
10 10 22 2
25 13 13 2
25 13 13 2
16 16 16 0
16 16 16 0
13 28 19 0
13 28 19 0
13 28 19 0
13 28 19 0
1 1 25 0
1 1 25 0
1 1 25 0
1 1 25 0
1 1 25 0
1 1 25 0
26 19 18 4
26 19 18 4
26 19 18 4
11 11 21 4
11 11 21 4
11 11 21 4
11 11 21 4
35 33 28 4
7 33 28 4
29 29 20 4
29 29 20 4
29 29 20 4
12 12 12 4
12 12 12 4
31 9 9 4
24 9 9 4
24 9 9 4
20 20 10 2
20 20 10 2
20 20 10 2
20 20 10 2
10 10 22 2
10 10 22 2
10 10 22 2
10 10 22 2
25 13 13 2
25 13 13 2
25 13 13 2
25 13 13 2
25 13 13 2
13 28 19 0
13 28 19 0
13 28 19 0
13 28 19 0
1 1 25 0
1 1 25 0
1 1 25 0
1 1 25 0
1 1 25 0
1 1 25 0
1 1 25 0
14 0 0 1
11 11 21 4
11 11 21 4
11 11 21 4
11 11 21 4
11 11 21 4
11 11 21 4
7 33 28 4
7 33 28 4
12 12 12 4
12 12 12 4
12 12 12 4
12 12 12 4
31 9 9 4
24 9 9 4
24 9 9 4
20 20 10 2
20 20 10 2
20 20 10 2
20 20 10 2
10 10 22 2
10 10 22 2
10 10 22 2
10 10 22 2
25 13 13 2
25 13 13 2
25 13 13 2
25 13 13 2
25 13 13 2
13 28 19 0
13 28 19 0
13 28 19 0
13 28 19 0
1 1 25 0
1 1 25 0
1 1 25 0
1 1 25 0
1 1 25 0
1 1 25 0
1 1 25 0
14 0 0 1
11 11 21 4
11 11 21 4
11 11 21 4
11 11 21 4
11 11 21 4
11 11 21 4
7 33 28 4
7 33 28 4
12 12 12 4
12 12 12 4
12 12 12 4
12 12 12 4
31 9 9 4
31 9 9 4
31 9 9 4
20 20 10 2
20 20 10 2
20 20 10 2
20 20 10 2
10 10 22 2
10 10 22 2
10 10 22 2
25 13 13 2
25 13 13 2
25 13 13 2
25 13 13 2
25 13 13 2
25 13 13 2
13 28 19 0
13 28 19 0
13 28 19 0
13 28 19 0
34 18 1 0
1 1 25 0
1 1 25 0
1 1 25 0
1 1 25 0
1 1 25 0
14 0 0 1
14 0 0 1
14 0 0 1
11 11 21 4
11 11 21 4
11 11 21 4
11 11 21 4
11 11 21 4
7 33 28 4
7 33 28 4
12 12 12 4
12 12 12 4
12 12 12 4
12 12 12 4
31 9 9 4
31 9 9 4
27 6 29 2
6 6 29 2
6 6 29 2
20 20 10 2
20 20 10 2
10 10 22 2
10 10 22 2
25 13 13 2
25 13 13 2
25 13 13 2
25 13 13 2
25 13 13 2
25 13 13 2
25 13 13 2
13 28 19 0
13 28 19 0
13 28 19 0
34 18 1 0
34 18 1 0
18 18 1 0
18 18 1 0
18 18 1 0
18 18 1 0
18 18 1 0
14 0 0 1
14 0 0 1
14 0 0 1
14 0 0 1
11 11 21 4
11 11 21 4
11 11 21 4
11 11 21 4
8 21 5 4
8 21 5 4
12 12 12 4
12 12 12 4
12 12 12 4
12 12 12 4
31 9 9 4
27 6 29 2
27 6 29 2
6 6 29 2
6 6 29 2
20 20 10 2
20 20 10 2
10 10 22 2
10 10 22 2
25 13 13 2
25 13 13 2
25 13 13 2
25 13 13 2
25 13 13 2
25 13 13 2
25 13 13 2
25 13 13 2
13 28 19 0
13 28 19 0
34 18 1 0
34 18 1 0
18 18 1 0
18 18 1 0
18 18 1 0
18 18 1 0
14 0 0 1
14 0 0 1
14 0 0 1
14 0 0 1
14 0 0 1
11 11 21 4
11 11 21 4
11 11 21 4
11 11 21 4
8 21 5 4
8 21 5 4
12 12 12 4
12 12 12 4
12 12 12 4
12 12 12 4
32 15 15 2
27 6 29 2
27 6 29 2
6 6 29 2
6 6 29 2
6 6 29 2
6 6 29 2
6 6 29 2
25 13 13 2
25 13 13 2
25 13 13 2
25 13 13 2
25 13 13 2
25 13 13 2
25 13 13 2
25 13 13 2
25 13 13 2
13 28 19 0
13 28 19 0
34 18 1 0
34 18 1 0
18 18 1 0
18 18 1 0
18 18 1 0
18 18 1 0
14 0 0 1
14 0 0 1
14 0 0 1
14 0 0 1
14 0 0 1
14 0 0 1
11 11 21 4
11 11 21 4
8 21 5 4
8 21 5 4
8 21 5 4
8 21 5 4
12 12 12 4
12 12 12 4
32 15 15 2
32 15 15 2
27 6 29 2
27 6 29 2
6 6 29 2
6 6 29 2
6 6 29 2
6 6 29 2
6 6 29 2
6 6 29 2
25 13 13 2
25 13 13 2
25 13 13 2
25 13 13 2
25 13 13 2
25 13 13 2
25 13 13 2
25 13 13 2
13 28 19 0
13 28 19 0
34 18 1 0
34 18 1 0
18 18 1 0
18 18 1 0
18 18 1 0
18 18 1 0
14 0 0 1
14 0 0 1
14 0 0 1
14 0 0 1
14 0 0 1
14 0 0 1
14 0 0 1
11 11 21 4
8 21 5 4
8 21 5 4
5 5 5 4
5 5 5 4
5 5 5 4
5 5 5 4
32 15 15 2
32 15 15 2
27 6 29 2
27 6 29 2
6 6 29 2
6 6 29 2
6 6 29 2
6 6 29 2
6 6 29 2
6 6 29 2
25 13 13 2
25 13 13 2
25 13 13 2
25 13 13 2
25 13 13 2
25 13 13 2
25 13 13 2
25 13 13 2
2 2 2 0
2 2 2 0
34 18 1 0
34 18 1 0
18 18 1 0
18 18 1 0
18 18 1 0
14 0 0 1
14 0 0 1
14 0 0 1
14 0 0 1
14 0 0 1
14 0 0 1
14 0 0 1
30 8 8 4
30 8 8 4
8 21 5 4
8 21 5 4
8 21 5 4
8 21 5 4
5 5 5 4
5 5 5 4
32 15 15 2
32 15 15 2
27 6 29 2
27 6 29 2
6 6 29 2
6 6 29 2
6 6 29 2
6 6 29 2
6 6 29 2
6 6 29 2
6 6 29 2
23 7 7 2
25 13 13 2
25 13 13 2
25 13 13 2
25 13 13 2
25 13 13 2
2 2 2 0
2 2 2 0
2 2 2 0
2 2 2 0
34 18 1 0
18 18 1 0
18 18 1 0
18 18 1 0
14 0 0 1
14 0 0 1
14 0 0 1
14 0 0 1
14 0 0 1
14 0 0 1
30 8 8 4
30 8 8 4
30 8 8 4
8 21 5 4
8 21 5 4
8 21 5 4
8 21 5 4
5 5 5 4
5 5 5 4
32 15 15 2
32 15 15 2
27 6 29 2
27 6 29 2
27 6 29 2
6 6 29 2
6 6 29 2
6 6 29 2
6 6 29 2
6 6 29 2
23 7 7 2
23 7 7 2
25 13 13 2
25 13 13 2
25 13 13 2
25 13 13 2
25 13 13 2
2 2 2 0
2 2 2 0
2 2 2 0
2 2 2 0
34 18 1 0
18 18 1 0
18 18 1 0
22 14 14 1
22 14 14 1
22 14 14 1
14 0 0 1
14 0 0 1
14 0 0 1
14 0 0 1
30 8 8 4
30 8 8 4
30 8 8 4
8 21 5 4
8 21 5 4
8 21 5 4
8 21 5 4
32 15 15 2
32 15 15 2
32 15 15 2
32 15 15 2
32 15 15 2
27 6 29 2
27 6 29 2
6 6 29 2
6 6 29 2
6 6 29 2
6 6 29 2
23 7 7 2
23 7 7 2
23 7 7 2
23 7 7 2
25 13 13 2
25 13 13 2
25 13 13 2
25 13 13 2
2 2 2 0
2 2 2 0
2 2 2 0
2 2 2 0
2 2 2 0
2 2 2 0
2 2 2 0
22 14 14 1
22 14 14 1
22 14 14 1
22 14 14 1
22 14 14 1
22 14 14 1
30 8 8 4
30 8 8 4
30 8 8 4
30 8 8 4
8 21 5 4
8 21 5 4
8 21 5 4
8 21 5 4
32 15 15 2
32 15 15 2
32 15 15 2
32 15 15 2
32 15 15 2
27 6 29 2
27 6 29 2
6 6 29 2
6 6 29 2
6 6 29 2
23 7 7 2
23 7 7 2
23 7 7 2
23 7 7 2
23 7 7 2
23 7 7 2
25 13 13 2
25 13 13 2
25 13 13 2
2 2 2 0
2 2 2 0
2 2 2 0
2 2 2 0
2 2 2 0
2 2 2 0
2 2 2 0
22 14 14 1
22 14 14 1
22 14 14 1
22 14 14 1
22 14 14 1
22 14 14 1
30 8 8 4
30 8 8 4
30 8 8 4
30 8 8 4
8 21 5 4
8 21 5 4
8 21 5 4
8 21 5 4
8 21 5 4
32 15 15 2
32 15 15 2
32 15 15 2
15 15 15 2
15 15 15 2
15 15 15 2
6 6 29 2
6 6 29 2
6 6 29 2
23 7 7 2
23 7 7 2
23 7 7 2
23 7 7 2
23 7 7 2
23 7 7 2
25 13 13 2
25 13 13 2
2 2 2 0
2 2 2 0
2 2 2 0
2 2 2 0
2 2 2 0
2 2 2 0
2 2 2 0
22 14 14 1
22 14 14 1
22 14 14 1
22 14 14 1
22 14 14 1
22 14 14 1
22 14 14 1
30 8 8 4
30 8 8 4
30 8 8 4
30 8 8 4
30 8 8 4
8 21 5 4
8 21 5 4
8 21 5 4
9 15 15 2
9 15 15 2
9 15 15 2
9 15 15 2
15 15 15 2
15 15 15 2
15 15 15 2
15 15 15 2
15 15 15 2
23 7 7 2
23 7 7 2
23 7 7 2
23 7 7 2
23 7 7 2
23 7 7 2
23 7 7 2
23 7 7 2
25 13 13 2
2 2 2 0
2 2 2 0
2 2 2 0
2 2 2 0
2 2 2 0
2 2 2 0
2 2 2 0
22 14 14 1
22 14 14 1
22 14 14 1
22 14 14 1
22 14 14 1
22 14 14 1
30 8 8 4
30 8 8 4
30 8 8 4
30 8 8 4
30 8 8 4
30 8 8 4
8 21 5 4
8 21 5 4
8 21 5 4
9 15 15 2
9 15 15 2
9 15 15 2
9 15 15 2
15 15 15 2
15 15 15 2
15 15 15 2
15 15 15 2
15 15 15 2
23 7 7 2
23 7 7 2
23 7 7 2
23 7 7 2
23 7 7 2
23 7 7 2
23 7 7 2
23 7 7 2
25 13 13 2
2 2 2 0
2 2 2 0
2 2 2 0
2 2 2 0
2 2 2 0
2 2 2 0
2 2 2 0
2 2 2 0
22 14 14 1
22 14 14 1
22 14 14 1
22 14 14 1
22 14 14 1
30 8 8 4
30 8 8 4
30 8 8 4
30 8 8 4
30 8 8 4
30 8 8 4
8 21 5 4
8 21 5 4
8 21 5 4
9 15 15 2
9 15 15 2
9 15 15 2
9 15 15 2
15 15 15 2
15 15 15 2
15 15 15 2
15 15 15 2
15 15 15 2
23 7 7 2
23 7 7 2
23 7 7 2
23 7 7 2
23 7 7 2
23 7 7 2
23 7 7 2
23 7 7 2
25 13 13 2
2 2 2 0
2 2 2 0
2 2 2 0
2 2 2 0
2 2 2 0
2 2 2 0
2 2 2 0
2 2 2 0
22 14 14 1
22 14 14 1
22 14 14 1
22 14 14 1
