26 19 18 0
26 19 18 0
26 19 18 0
26 19 18 0
19 34 28 2
19 34 28 2
19 34 28 2
19 34 28 2
19 34 28 2
19 34 28 2
4 4 4 3
4 4 4 3
4 4 4 3
4 4 4 3
4 4 4 3
4 4 4 3
0 3 3 3
0 3 3 3
0 3 3 3
0 3 3 3
0 3 3 3
3 3 3 3
3 3 3 3
3 3 3 3
3 3 3 3
16 16 16 4
16 16 16 4
16 16 16 4
16 16 16 4
16 16 16 4
16 16 16 4
13 28 19 0
13 28 19 0
28 17 17 2
28 17 17 2
28 17 17 2
28 17 17 2
17 17 17 2
17 17 17 2
17 17 17 2
26 19 18 0
26 19 18 0
26 19 18 0
26 19 18 0
19 34 28 2
19 34 28 2
19 34 28 2
19 34 28 2
19 34 28 2
19 34 28 2
4 4 4 3
4 4 4 3
4 4 4 3
4 4 4 3
4 4 4 3
4 4 4 3
4 4 4 3
0 3 3 3
0 3 3 3
0 3 3 3
0 3 3 3
3 3 3 3
3 3 3 3
3 3 3 3
3 3 3 3
16 16 16 4
16 16 16 4
16 16 16 4
16 16 16 4
16 16 16 4
16 16 16 4
13 28 19 0
13 28 19 0
28 17 17 2
28 17 17 2
28 17 17 2
28 17 17 2
17 17 17 2
17 17 17 2
17 17 17 2
26 19 18 0
26 19 18 0
26 19 18 0
26 19 18 0
19 34 28 2
19 34 28 2
19 34 28 2
19 34 28 2
19 34 28 2
19 34 28 2
33 30 4 0
33 30 4 0
4 4 4 3
4 4 4 3
24 9 9 4
24 9 9 4
24 9 9 4
0 3 3 3
0 3 3 3
0 3 3 3
0 3 3 3
3 3 3 3
3 3 3 3
3 3 3 3
3 3 3 3
16 16 16 4
16 16 16 4
16 16 16 4
16 16 16 4
16 16 16 4
16 16 16 4
13 28 19 0
13 28 19 0
28 17 17 2
28 17 17 2
28 17 17 2
28 17 17 2
17 17 17 2
17 17 17 2
17 17 17 2
26 19 18 0
26 19 18 0
26 19 18 0
26 19 18 0
7 33 28 0
7 33 28 0
7 33 28 0
7 33 28 0
7 33 28 0
7 33 28 0
33 30 4 0
33 30 4 0
33 30 4 0
31 9 9 4
24 9 9 4
24 9 9 4
24 9 9 4
24 9 9 4
20 20 10 4
0 3 3 3
0 3 3 3
3 3 3 3
3 3 3 3
3 3 3 3
3 3 3 3
16 16 16 4
16 16 16 4
16 16 16 4
16 16 16 4
16 16 16 4
16 16 16 4
13 28 19 0
13 28 19 0
28 17 17 2
28 17 17 2
28 17 17 2
28 17 17 2
17 17 17 2
17 17 17 2
26 19 18 0
26 19 18 0
26 19 18 0
21 19 18 0
21 19 18 0
21 19 18 0
21 19 18 0
7 33 28 0
7 33 28 0
7 33 28 0
29 29 12 0
33 30 4 0
33 30 4 0
33 30 4 0
31 9 9 4
24 9 9 4
24 9 9 4
24 9 9 4
24 9 9 4
20 20 10 4
10 10 22 4
10 10 22 4
10 10 22 4
10 10 22 4
10 10 22 4
10 10 22 4
16 16 16 4
16 16 16 4
16 16 16 4
16 16 16 4
16 16 16 4
13 28 19 0
13 28 19 0
13 28 19 0
13 28 19 0
28 17 17 2
28 17 17 2
28 17 17 2
17 17 17 2
17 17 17 2
26 19 18 0
26 19 18 0
26 19 18 0
21 19 18 0
21 19 18 0
35 33 28 0
35 33 28 0
35 33 28 0
7 33 28 0
7 33 28 0
29 29 12 0
12 12 12 0
12 12 12 0
31 9 9 4
31 9 9 4
24 9 9 4
24 9 9 4
24 9 9 4
20 20 10 4
20 20 10 4
20 20 10 4
10 10 22 4
10 10 22 4
10 10 22 4
10 10 22 4
10 10 22 4
16 16 16 4
16 16 16 4
16 16 16 4
16 16 16 4
16 16 16 4
13 28 19 0
13 28 19 0
13 28 19 0
13 28 19 0
1 1 25 0
28 17 17 2
28 17 17 2
17 17 17 2
17 17 17 2
26 19 18 0
26 19 18 0
26 19 18 0
21 19 18 0
21 19 18 0
21 19 18 0
7 33 28 0
7 33 28 0
7 33 28 0
29 29 12 0
29 29 12 0
12 12 12 0
12 12 12 0
12 12 12 0
31 9 9 4
24 9 9 4
24 9 9 4
20 20 10 4
20 20 10 4
20 20 10 4
20 20 10 4
10 10 22 4
10 10 22 4
10 10 22 4
10 10 22 4
10 10 22 4
16 16 16 4
16 16 16 4
16 16 16 4
16 16 16 4
13 28 19 0
13 28 19 0
13 28 19 0
13 28 19 0
13 28 19 0
1 1 25 0
1 1 25 0
28 17 17 2
17 17 17 2
17 17 17 2
26 19 18 0
26 19 18 0
26 19 18 0
21 19 18 0
21 19 18 0
21 19 18 0
7 33 28 0
7 33 28 0
7 33 28 0
29 29 12 0
29 29 12 0
29 29 12 0
12 12 12 0
12 12 12 0
31 9 9 4
24 9 9 4
20 20 10 4
20 20 10 4
20 20 10 4
20 20 10 4
20 20 10 4
10 10 22 4
10 10 22 4
10 10 22 4
10 10 22 4
10 10 22 4
10 10 22 4
16 16 16 4
16 16 16 4
16 16 16 4
13 28 19 0
13 28 19 0
13 28 19 0
13 28 19 0
1 1 25 0
1 1 25 0
1 1 25 0
1 1 25 0
1 1 25 0
17 17 17 2
26 19 18 0
26 19 18 0
26 19 18 0
21 19 18 0
21 19 18 0
21 19 18 0
7 33 28 0
7 33 28 0
7 33 28 0
29 29 12 0
29 29 12 0
29 29 12 0
12 12 12 0
12 12 12 0
31 9 9 4
24 9 9 4
20 20 10 4
20 20 10 4
20 20 10 4
20 20 10 4
20 20 10 4
10 10 22 4
10 10 22 4
10 10 22 4
10 10 22 4
10 10 22 4
25 13 13 4
25 13 13 4
25 13 13 4
16 16 16 4
13 28 19 0
13 28 19 0
13 28 19 0
1 1 25 0
1 1 25 0
1 1 25 0
1 1 25 0
1 1 25 0
1 1 25 0
1 1 25 0
26 19 18 0
14 0 0 0
26 19 18 0
21 19 18 0
11 11 21 0
11 11 21 0
11 11 21 0
11 11 21 0
7 33 28 0
29 29 12 0
29 29 12 0
29 29 12 0
12 12 12 0
12 12 12 0
31 9 9 4
24 9 9 4
20 20 10 4
20 20 10 4
20 20 10 4
20 20 10 4
20 20 10 4
10 10 22 4
10 10 22 4
10 10 22 4
10 10 22 4
10 10 22 4
25 13 13 4
25 13 13 4
25 13 13 4
16 16 16 4
13 28 19 0
13 28 19 0
13 28 19 0
1 1 25 0
1 1 25 0
1 1 25 0
1 1 25 0
1 1 25 0
1 1 25 0
1 1 25 0
14 0 0 0
14 0 0 0
26 19 18 0
21 19 18 0
21 19 18 0
21 19 18 0
7 33 28 0
7 33 28 0
7 33 28 0
29 29 12 0
29 29 12 0
29 29 12 0
12 12 12 0
12 12 12 0
31 9 9 4
24 9 9 4
20 20 10 4
20 20 10 4
20 20 10 4
20 20 10 4
20 20 10 4
10 10 22 4
10 10 22 4
10 10 22 4
10 10 22 4
10 10 22 4
25 13 13 4
25 13 13 4
25 13 13 4
25 13 13 4
25 13 13 4
13 28 19 0
13 28 19 0
1 1 25 0
1 1 25 0
1 1 25 0
1 1 25 0
1 1 25 0
1 1 25 0
14 0 0 0
14 0 0 0
14 0 0 0
14 0 0 0
21 19 18 0
21 19 18 0
21 19 18 0
7 33 28 0
7 33 28 0
7 33 28 0
29 29 12 0
29 29 12 0
29 29 12 0
12 12 12 0
12 12 12 0
31 9 9 4
24 9 9 4
27 6 29 1
20 20 10 4
20 20 10 4
20 20 10 4
20 20 10 4
10 10 22 4
10 10 22 4
10 10 22 4
10 10 22 4
25 13 13 4
25 13 13 4
25 13 13 4
25 13 13 4
25 13 13 4
25 13 13 4
13 28 19 0
13 28 19 0
34 18 1 0
34 18 1 0
18 18 1 0
18 18 1 0
18 18 1 0
18 18 1 0
14 0 0 0
14 0 0 0
14 0 0 0
14 0 0 0
14 0 0 0
14 0 0 0
14 0 0 0
8 21 5 0
8 21 5 0
8 21 5 0
5 5 5 0
5 5 5 0
5 5 5 0
5 5 5 0
5 5 5 0
5 5 5 0
27 6 29 1
27 6 29 1
6 6 29 1
6 6 29 1
20 20 10 4
20 20 10 4
10 10 22 4
10 10 22 4
10 10 22 4
25 13 13 4
25 13 13 4
25 13 13 4
25 13 13 4
25 13 13 4
25 13 13 4
25 13 13 4
25 13 13 4
34 18 1 0
34 18 1 0
34 18 1 0
18 18 1 0
18 18 1 0
18 18 1 0
18 18 1 0
14 0 0 0
14 0 0 0
14 0 0 0
14 0 0 0
14 0 0 0
14 0 0 0
14 0 0 0
8 21 5 0
8 21 5 0
8 21 5 0
5 5 5 0
5 5 5 0
5 5 5 0
5 5 5 0
5 5 5 0
32 15 15 1
27 6 29 1
27 6 29 1
6 6 29 1
6 6 29 1
6 6 29 1
6 6 29 1
10 10 22 4
10 10 22 4
10 10 22 4
10 10 22 4
25 13 13 4
25 13 13 4
25 13 13 4
25 13 13 4
25 13 13 4
25 13 13 4
34 18 1 0
34 18 1 0
34 18 1 0
34 18 1 0
18 18 1 0
18 18 1 0
18 18 1 0
18 18 1 0
14 0 0 0
14 0 0 0
14 0 0 0
14 0 0 0
14 0 0 0
14 0 0 0
14 0 0 0
8 21 5 0
8 21 5 0
8 21 5 0
5 5 5 0
5 5 5 0
5 5 5 0
5 5 5 0
5 5 5 0
32 15 15 1
27 6 29 1
27 6 29 1
6 6 29 1
6 6 29 1
6 6 29 1
6 6 29 1
6 6 29 1
10 10 22 4
10 10 22 4
10 10 22 4
25 13 13 4
25 13 13 4
25 13 13 4
25 13 13 4
25 13 13 4
25 13 13 4
34 18 1 0
34 18 1 0
34 18 1 0
34 18 1 0
18 18 1 0
18 18 1 0
18 18 1 0
14 0 0 0
14 0 0 0
14 0 0 0
14 0 0 0
14 0 0 0
14 0 0 0
14 0 0 0
14 0 0 0
8 21 5 0
8 21 5 0
8 21 5 0
5 5 5 0
5 5 5 0
5 5 5 0
5 5 5 0
5 5 5 0
32 15 15 1
27 6 29 1
27 6 29 1
6 6 29 1
6 6 29 1
6 6 29 1
6 6 29 1
6 6 29 1
10 10 22 4
23 7 7 4
23 7 7 4
25 13 13 4
25 13 13 4
25 13 13 4
25 13 13 4
25 13 13 4
25 13 13 4
34 18 1 0
34 18 1 0
34 18 1 0
34 18 1 0
18 18 1 0
18 18 1 0
18 18 1 0
14 0 0 0
14 0 0 0
14 0 0 0
14 0 0 0
14 0 0 0
14 0 0 0
14 0 0 0
8 21 5 0
8 21 5 0
8 21 5 0
8 21 5 0
5 5 5 0
5 5 5 0
5 5 5 0
5 5 5 0
32 15 15 1
32 15 15 1
27 6 29 1
27 6 29 1
6 6 29 1
6 6 29 1
6 6 29 1
6 6 29 1
6 6 29 1
23 7 7 4
23 7 7 4
23 7 7 4
23 7 7 4
25 13 13 4
25 13 13 4
25 13 13 4
25 13 13 4
25 13 13 4
2 2 2 4
2 2 2 4
2 2 2 4
34 18 1 0
18 18 1 0
18 18 1 0
18 18 1 0
14 0 0 0
14 0 0 0
14 0 0 0
14 0 0 0
14 0 0 0
14 0 0 0
14 0 0 0
8 21 5 0
8 21 5 0
8 21 5 0
8 21 5 0
5 5 5 0
5 5 5 0
5 5 5 0
5 5 5 0
32 15 15 1
32 15 15 1
27 6 29 1
27 6 29 1
27 6 29 1
6 6 29 1
6 6 29 1
6 6 29 1
6 6 29 1
23 7 7 4
23 7 7 4
23 7 7 4
23 7 7 4
25 13 13 4
25 13 13 4
25 13 13 4
25 13 13 4
2 2 2 4
2 2 2 4
2 2 2 4
2 2 2 4
34 18 1 0
18 18 1 0
18 18 1 0
22 14 14 0
22 14 14 0
22 14 14 0
14 0 0 0
14 0 0 0
14 0 0 0
14 0 0 0
14 0 0 0
8 21 5 0
8 21 5 0
8 21 5 0
8 21 5 0
8 21 5 0
5 5 5 0
5 5 5 0
32 15 15 1
32 15 15 1
32 15 15 1
32 15 15 1
27 6 29 1
27 6 29 1
6 6 29 1
6 6 29 1
6 6 29 1
6 6 29 1
23 7 7 4
23 7 7 4
23 7 7 4
23 7 7 4
25 13 13 4
25 13 13 4
25 13 13 4
25 13 13 4
2 2 2 4
2 2 2 4
2 2 2 4
2 2 2 4
2 2 2 4
2 2 2 4
2 2 2 4
22 14 14 0
22 14 14 0
22 14 14 0
22 14 14 0
14 0 0 0
14 0 0 0
14 0 0 0
14 0 0 0
8 21 5 0
8 21 5 0
8 21 5 0
8 21 5 0
8 21 5 0
5 5 5 0
32 15 15 1
32 15 15 1
32 15 15 1
32 15 15 1
32 15 15 1
27 6 29 1
27 6 29 1
6 6 29 1
6 6 29 1
6 6 29 1
23 7 7 4
23 7 7 4
23 7 7 4
23 7 7 4
23 7 7 4
23 7 7 4
25 13 13 4
25 13 13 4
2 2 2 4
2 2 2 4
2 2 2 4
2 2 2 4
2 2 2 4
2 2 2 4
2 2 2 4
2 2 2 4
22 14 14 0
22 14 14 0
22 14 14 0
22 14 14 0
22 14 14 0
22 14 14 0
30 21 5 0
8 21 5 0
8 21 5 0
8 21 5 0
8 21 5 0
8 21 5 0
8 21 5 0
8 21 5 0
8 21 5 0
32 15 15 1
32 15 15 1
32 15 15 1
15 15 15 1
15 15 15 1
15 15 15 1
6 6 29 1
6 6 29 1
6 6 29 1
23 7 7 4
23 7 7 4
23 7 7 4
23 7 7 4
23 7 7 4
23 7 7 4
25 13 13 4
25 13 13 4
2 2 2 4
2 2 2 4
2 2 2 4
2 2 2 4
2 2 2 4
2 2 2 4
2 2 2 4
22 14 14 0
22 14 14 0
22 14 14 0
22 14 14 0
22 14 14 0
22 14 14 0
22 14 14 0
30 21 5 0
30 21 5 0
30 21 5 0
30 21 5 0
30 21 5 0
8 21 5 0
8 21 5 0
8 21 5 0
8 21 5 0
9 15 15 1
9 15 15 1
9 15 15 1
15 15 15 1
15 15 15 1
15 15 15 1
15 15 15 1
15 15 15 1
23 7 7 4
23 7 7 4
23 7 7 4
23 7 7 4
23 7 7 4
23 7 7 4
23 7 7 4
25 13 13 4
25 13 13 4
2 2 2 4
2 2 2 4
2 2 2 4
2 2 2 4
2 2 2 4
2 2 2 4
2 2 2 4
22 14 14 0
22 14 14 0
22 14 14 0
22 14 14 0
22 14 14 0
22 14 14 0
22 14 14 0
30 21 5 0
30 21 5 0
8 21 5 0
8 21 5 0
8 21 5 0
8 21 5 0
8 21 5 0
8 21 5 0
9 15 15 1
9 15 15 1
9 15 15 1
9 15 15 1
15 15 15 1
15 15 15 1
15 15 15 1
15 15 15 1
15 15 15 1
23 7 7 4
23 7 7 4
23 7 7 4
23 7 7 4
23 7 7 4
23 7 7 4
23 7 7 4
23 7 7 4
23 7 7 4
23 7 7 4
2 2 2 4
2 2 2 4
2 2 2 4
2 2 2 4
2 2 2 4
2 2 2 4
22 14 14 0
22 14 14 0
22 14 14 0
22 14 14 0
22 14 14 0
22 14 14 0
22 14 14 0
30 21 5 0
30 21 5 0
8 21 5 0
8 21 5 0
8 21 5 0
8 21 5 0
8 21 5 0
8 21 5 0
9 15 15 1
9 15 15 1
9 15 15 1
9 15 15 1
15 15 15 1
15 15 15 1
15 15 15 1
15 15 15 1
23 7 7 4
23 7 7 4
23 7 7 4
23 7 7 4
23 7 7 4
23 7 7 4
23 7 7 4
23 7 7 4
23 7 7 4
23 7 7 4
23 7 7 4
2 2 2 4
2 2 2 4
2 2 2 4
2 2 2 4
2 2 2 4
2 2 2 4
22 14 14 0
22 14 14 0
22 14 14 0
22 14 14 0
22 14 14 0
