17 17 17 3
26 19 18 4
26 19 18 4
21 19 18 4
21 19 18 4
19 34 28 2
19 34 28 2
19 34 28 2
19 34 28 2
19 34 28 2
4 4 4 2
4 4 4 2
4 4 4 2
4 4 4 2
24 9 9 2
24 9 9 2
24 9 9 2
0 3 3 2
0 3 3 2
0 3 3 2
0 3 3 2
0 3 3 2
3 3 3 2
3 3 3 2
3 3 3 2
3 3 3 2
16 16 16 3
16 16 16 3
16 16 16 3
16 16 16 3
16 16 16 3
13 28 19 4
28 17 17 3
28 17 17 3
28 17 17 3
28 17 17 3
28 17 17 3
17 17 17 3
17 17 17 3
17 17 17 3
17 17 17 3
26 19 18 4
26 19 18 4
21 19 18 4
21 19 18 4
19 34 28 2
19 34 28 2
19 34 28 2
19 34 28 2
19 34 28 2
4 4 4 2
4 4 4 2
4 4 4 2
4 4 4 2
24 9 9 2
24 9 9 2
24 9 9 2
20 20 10 0
3 3 3 2
3 3 3 2
3 3 3 2
3 3 3 2
3 3 3 2
3 3 3 2
3 3 3 2
3 3 3 2
16 16 16 3
16 16 16 3
16 16 16 3
16 16 16 3
16 16 16 3
13 28 19 4
13 28 19 4
28 17 17 3
28 17 17 3
28 17 17 3
28 17 17 3
17 17 17 3
17 17 17 3
17 17 17 3
17 17 17 3
26 19 18 4
26 19 18 4
21 19 18 4
21 19 18 4
19 34 28 2
19 34 28 2
19 34 28 2
19 34 28 2
19 34 28 2
33 30 4 2
33 30 4 2
4 4 4 2
4 4 4 2
24 9 9 2
24 9 9 2
24 9 9 2
20 20 10 0
20 20 10 0
3 3 3 2
3 3 3 2
3 3 3 2
3 3 3 2
3 3 3 2
3 3 3 2
16 16 16 3
16 16 16 3
16 16 16 3
16 16 16 3
16 16 16 3
16 16 16 3
13 28 19 4
13 28 19 4
28 17 17 3
28 17 17 3
28 17 17 3
28 17 17 3
17 17 17 3
17 17 17 3
17 17 17 3
26 19 18 4
26 19 18 4
26 19 18 4
21 19 18 4
21 19 18 4
7 33 28 2
7 33 28 2
7 33 28 2
7 33 28 2
7 33 28 2
33 30 4 2
33 30 4 2
33 30 4 2
31 9 9 2
24 9 9 2
24 9 9 2
24 9 9 2
20 20 10 0
20 20 10 0
20 20 10 0
3 3 3 2
3 3 3 2
3 3 3 2
3 3 3 2
3 3 3 2
16 16 16 3
16 16 16 3
16 16 16 3
16 16 16 3
16 16 16 3
16 16 16 3
13 28 19 4
13 28 19 4
28 17 17 3
28 17 17 3
28 17 17 3
28 17 17 3
17 17 17 3
17 17 17 3
26 19 18 4
21 19 18 4
21 19 18 4
21 19 18 4
21 19 18 4
21 19 18 4
35 33 28 2
35 33 28 2
7 33 28 2
7 33 28 2
7 33 28 2
33 30 4 2
33 30 4 2
31 9 9 2
31 9 9 2
24 9 9 2
24 9 9 2
24 9 9 2
20 20 10 0
20 20 10 0
20 20 10 0
10 10 10 0
10 10 10 0
10 10 10 0
10 10 10 0
10 10 10 0
16 16 16 3
16 16 16 3
16 16 16 3
16 16 16 3
16 16 16 3
13 28 19 4
13 28 19 4
13 28 19 4
13 28 19 4
28 17 17 3
28 17 17 3
28 17 17 3
17 17 17 3
17 17 17 3
17 17 17 3
21 19 18 4
21 19 18 4
21 19 18 4
21 19 18 4
21 19 18 4
35 33 28 2
35 33 28 2
35 33 28 2
35 33 28 2
29 29 12 0
12 12 12 0
12 12 12 0
31 9 9 2
31 9 9 2
24 9 9 2
24 9 9 2
24 9 9 2
20 20 10 0
20 20 10 0
20 20 10 0
10 10 10 0
10 10 10 0
10 10 10 0
10 10 10 0
10 10 10 0
16 16 16 3
16 16 16 3
16 16 16 3
16 16 16 3
16 16 16 3
13 28 19 4
13 28 19 4
13 28 19 4
13 28 19 4
1 1 25 4
28 17 17 3
28 17 17 3
17 17 17 3
17 17 17 3
17 17 17 3
21 19 18 4
21 19 18 4
21 19 18 4
21 19 18 4
21 19 18 4
35 33 28 2
35 33 28 2
35 33 28 2
29 29 12 0
29 29 12 0
12 12 12 0
12 12 12 0
12 12 12 0
31 9 9 2
24 9 9 2
24 9 9 2
20 20 10 0
20 20 10 0
20 20 10 0
10 10 10 0
10 10 10 0
10 10 10 0
10 10 10 0
10 10 10 0
10 10 10 0
10 10 10 0
16 16 16 3
16 16 16 3
16 16 16 3
13 28 19 4
13 28 19 4
13 28 19 4
13 28 19 4
13 28 19 4
1 1 25 4
1 1 25 4
28 17 17 3
17 17 17 3
17 17 17 3
17 17 17 3
21 19 18 4
21 19 18 4
21 19 18 4
21 19 18 4
11 11 21 4
11 11 21 4
35 33 28 2
35 33 28 2
29 29 12 0
29 29 12 0
12 12 12 0
12 12 12 0
12 12 12 0
31 9 9 2
24 9 9 2
24 9 9 2
20 20 10 0
20 20 10 0
20 20 10 0
20 20 10 0
20 20 10 0
10 10 10 0
10 10 10 0
10 10 10 0
10 10 10 0
25 13 13 0
25 13 13 0
16 16 16 3
16 16 16 3
13 28 19 4
13 28 19 4
13 28 19 4
13 28 19 4
1 1 25 4
1 1 25 4
1 1 25 4
28 17 17 3
17 17 17 3
17 17 17 3
17 17 17 3
21 19 18 4
21 19 18 4
21 19 18 4
21 19 18 4
11 11 21 4
11 11 21 4
11 11 21 4
29 29 12 0
29 29 12 0
29 29 12 0
29 29 12 0
12 12 12 0
12 12 12 0
31 9 9 2
24 9 9 2
24 9 9 2
20 20 10 0
20 20 10 0
20 20 10 0
20 20 10 0
10 10 10 0
10 10 10 0
10 10 10 0
10 10 10 0
10 10 10 0
25 13 13 0
25 13 13 0
25 13 13 0
16 16 16 3
13 28 19 4
13 28 19 4
13 28 19 4
1 1 25 4
1 1 25 4
1 1 25 4
1 1 25 4
1 1 25 4
17 17 17 3
17 17 17 3
17 17 17 3
21 19 18 4
21 19 18 4
21 19 18 4
11 11 21 4
11 11 21 4
11 11 21 4
11 11 21 4
11 11 21 4
29 29 12 0
29 29 12 0
29 29 12 0
12 12 12 0
12 12 12 0
31 9 9 2
24 9 9 2
20 20 10 0
20 20 10 0
20 20 10 0
20 20 10 0
20 20 10 0
10 10 10 0
10 10 10 0
10 10 10 0
10 10 10 0
25 13 13 0
25 13 13 0
25 13 13 0
25 13 13 0
25 13 13 0
13 28 19 4
13 28 19 4
13 28 19 4
1 1 25 4
1 1 25 4
1 1 25 4
1 1 25 4
1 1 25 4
17 17 17 3
17 17 17 3
17 17 17 3
21 19 18 4
21 19 18 4
21 19 18 4
11 11 21 4
11 11 21 4
11 11 21 4
11 11 21 4
11 11 21 4
29 29 12 0
29 29 12 0
29 29 12 0
12 12 12 0
12 12 12 0
31 9 9 2
24 9 9 2
27 6 29 0
20 20 10 0
20 20 10 0
20 20 10 0
20 20 10 0
10 10 10 0
10 10 10 0
10 10 10 0
10 10 10 0
25 13 13 0
25 13 13 0
25 13 13 0
25 13 13 0
25 13 13 0
25 13 13 0
13 28 19 4
13 28 19 4
1 1 25 4
1 1 25 4
1 1 25 4
1 1 25 4
1 1 25 4
17 17 17 3
17 17 17 3
17 17 17 3
22 14 14 4
21 19 18 4
21 19 18 4
11 11 21 4
11 11 21 4
11 11 21 4
11 11 21 4
11 11 21 4
29 29 12 0
29 29 12 0
29 29 12 0
12 12 12 0
12 12 12 0
31 9 9 2
27 6 29 0
27 6 29 0
6 6 29 0
6 6 29 0
6 6 29 0
6 6 29 0
6 6 29 0
10 10 10 0
10 10 10 0
25 13 13 0
25 13 13 0
25 13 13 0
25 13 13 0
25 13 13 0
25 13 13 0
25 13 13 0
25 13 13 0
13 28 19 4
34 18 1 4
34 18 1 4
18 18 1 4
18 18 1 4
18 18 1 4
22 14 14 4
22 14 14 4
22 14 14 4
22 14 14 4
14 0 0 4
14 0 0 4
11 11 21 4
11 11 21 4
11 11 21 4
11 11 21 4
11 11 21 4
5 5 5 0
5 5 5 0
5 5 5 0
5 5 5 0
5 5 5 0
27 6 29 0
27 6 29 0
27 6 29 0
6 6 29 0
6 6 29 0
6 6 29 0
6 6 29 0
6 6 29 0
10 10 10 0
10 10 10 0
25 13 13 0
25 13 13 0
25 13 13 0
25 13 13 0
25 13 13 0
25 13 13 0
25 13 13 0
25 13 13 0
34 18 1 4
34 18 1 4
34 18 1 4
18 18 1 4
18 18 1 4
18 18 1 4
22 14 14 4
22 14 14 4
22 14 14 4
22 14 14 4
14 0 0 4
14 0 0 4
14 0 0 4
11 11 21 4
11 11 21 4
11 11 21 4
5 5 5 0
5 5 5 0
5 5 5 0
5 5 5 0
5 5 5 0
5 5 5 0
27 6 29 0
27 6 29 0
27 6 29 0
6 6 29 0
6 6 29 0
6 6 29 0
6 6 29 0
6 6 29 0
10 10 10 0
10 10 10 0
25 13 13 0
25 13 13 0
25 13 13 0
25 13 13 0
25 13 13 0
25 13 13 0
25 13 13 0
34 18 1 4
34 18 1 4
34 18 1 4
34 18 1 4
18 18 1 4
18 18 1 4
18 18 1 4
22 14 14 4
22 14 14 4
22 14 14 4
22 14 14 4
14 0 0 4
14 0 0 4
14 0 0 4
11 11 21 4
11 11 21 4
5 5 5 0
5 5 5 0
5 5 5 0
5 5 5 0
5 5 5 0
5 5 5 0
5 5 5 0
32 15 15 0
27 6 29 0
27 6 29 0
6 6 29 0
6 6 29 0
6 6 29 0
6 6 29 0
6 6 29 0
10 10 10 0
10 10 10 0
23 7 7 0
25 13 13 0
25 13 13 0
25 13 13 0
25 13 13 0
25 13 13 0
34 18 1 4
34 18 1 4
34 18 1 4
34 18 1 4
34 18 1 4
18 18 1 4
18 18 1 4
18 18 1 4
22 14 14 4
22 14 14 4
22 14 14 4
14 0 0 4
14 0 0 4
14 0 0 4
14 0 0 4
14 0 0 4
11 11 21 4
5 5 5 0
5 5 5 0
5 5 5 0
5 5 5 0
5 5 5 0
5 5 5 0
5 5 5 0
32 15 15 0
27 6 29 0
27 6 29 0
6 6 29 0
6 6 29 0
6 6 29 0
6 6 29 0
6 6 29 0
23 7 7 0
23 7 7 0
23 7 7 0
25 13 13 0
25 13 13 0
25 13 13 0
25 13 13 0
25 13 13 0
34 18 1 4
34 18 1 4
34 18 1 4
34 18 1 4
34 18 1 4
18 18 1 4
18 18 1 4
18 18 1 4
22 14 14 4
22 14 14 4
14 0 0 4
22 14 14 4
14 0 0 4
14 0 0 4
14 0 0 4
30 8 8 0
30 8 8 0
5 5 5 0
5 5 5 0
5 5 5 0
5 5 5 0
5 5 5 0
5 5 5 0
32 15 15 0
32 15 15 0
27 6 29 0
27 6 29 0
6 6 29 0
6 6 29 0
6 6 29 0
6 6 29 0
6 6 29 0
23 7 7 0
23 7 7 0
23 7 7 0
23 7 7 0
25 13 13 0
25 13 13 0
25 13 13 0
25 13 13 0
2 2 2 1
2 2 2 1
2 2 2 1
2 2 2 1
34 18 1 4
18 18 1 4
18 18 1 4
22 14 14 4
22 14 14 4
22 14 14 4
22 14 14 4
22 14 14 4
14 0 0 4
14 0 0 4
14 0 0 4
30 8 8 0
30 8 8 0
8 8 8 0
8 8 8 0
5 5 5 0
5 5 5 0
5 5 5 0
32 15 15 0
32 15 15 0
32 15 15 0
27 6 29 0
27 6 29 0
27 6 29 0
6 6 29 0
6 6 29 0
6 6 29 0
6 6 29 0
23 7 7 0
23 7 7 0
23 7 7 0
23 7 7 0
23 7 7 0
25 13 13 0
25 13 13 0
25 13 13 0
2 2 2 1
2 2 2 1
2 2 2 1
2 2 2 1
34 18 1 4
18 18 1 4
18 18 1 4
22 14 14 4
22 14 14 4
22 14 14 4
22 14 14 4
22 14 14 4
22 14 14 4
14 0 0 4
30 8 8 0
30 8 8 0
30 8 8 0
8 8 8 0
8 8 8 0
8 8 8 0
5 5 5 0
5 5 5 0
32 15 15 0
32 15 15 0
32 15 15 0
27 6 29 0
27 6 29 0
27 6 29 0
6 6 29 0
6 6 29 0
6 6 29 0
6 6 29 0
23 7 7 0
23 7 7 0
23 7 7 0
23 7 7 0
23 7 7 0
25 13 13 0
25 13 13 0
2 2 2 1
2 2 2 1
2 2 2 1
2 2 2 1
2 2 2 1
2 2 2 1
2 2 2 1
22 14 14 4
22 14 14 4
22 14 14 4
22 14 14 4
22 14 14 4
22 14 14 4
22 14 14 4
14 0 0 4
30 8 8 0
30 8 8 0
30 8 8 0
8 8 8 0
8 8 8 0
8 8 8 0
8 8 8 0
32 15 15 0
32 15 15 0
32 15 15 0
32 15 15 0
32 15 15 0
27 6 29 0
27 6 29 0
6 6 29 0
6 6 29 0
6 6 29 0
6 6 29 0
23 7 7 0
23 7 7 0
23 7 7 0
23 7 7 0
23 7 7 0
23 7 7 0
2 2 2 1
2 2 2 1
2 2 2 1
2 2 2 1
2 2 2 1
2 2 2 1
2 2 2 1
2 2 2 1
2 2 2 1
22 14 14 4
22 14 14 4
22 14 14 4
22 14 14 4
22 14 14 4
22 14 14 4
30 8 8 0
30 8 8 0
30 8 8 0
30 8 8 0
8 8 8 0
8 8 8 0
8 8 8 0
8 8 8 0
8 8 8 0
32 15 15 0
32 15 15 0
32 15 15 0
15 15 15 0
15 15 15 0
6 6 29 0
6 6 29 0
6 6 29 0
6 6 29 0
23 7 7 0
23 7 7 0
23 7 7 0
23 7 7 0
23 7 7 0
23 7 7 0
23 7 7 0
23 7 7 0
2 2 2 1
2 2 2 1
2 2 2 1
2 2 2 1
2 2 2 1
2 2 2 1
2 2 2 1
22 14 14 4
22 14 14 4
22 14 14 4
22 14 14 4
22 14 14 4
22 14 14 4
22 14 14 4
30 8 8 0
30 8 8 0
30 8 8 0
30 8 8 0
30 8 8 0
8 8 8 0
8 8 8 0
8 8 8 0
9 15 15 0
9 15 15 0
9 15 15 0
9 15 15 0
15 15 15 0
15 15 15 0
15 15 15 0
6 6 29 0
6 6 29 0
6 6 29 0
23 7 7 0
23 7 7 0
23 7 7 0
23 7 7 0
23 7 7 0
23 7 7 0
23 7 7 0
23 7 7 0
23 7 7 0
2 2 2 1
2 2 2 1
2 2 2 1
2 2 2 1
2 2 2 1
2 2 2 1
22 14 14 4
22 14 14 4
22 14 14 4
22 14 14 4
22 14 14 4
22 14 14 4
22 14 14 4
30 8 8 0
30 8 8 0
30 8 8 0
30 8 8 0
30 8 8 0
8 8 8 0
8 8 8 0
8 8 8 0
9 15 15 0
9 15 15 0
9 15 15 0
9 15 15 0
15 15 15 0
15 15 15 0
15 15 15 0
6 6 29 0
6 6 29 0
6 6 29 0
23 7 7 0
23 7 7 0
23 7 7 0
23 7 7 0
23 7 7 0
23 7 7 0
23 7 7 0
23 7 7 0
23 7 7 0
2 2 2 1
2 2 2 1
2 2 2 1
2 2 2 1
2 2 2 1
2 2 2 1
22 14 14 4
22 14 14 4
22 14 14 4
22 14 14 4
22 14 14 4
22 14 14 4
22 14 14 4
30 8 8 0
30 8 8 0
30 8 8 0
30 8 8 0
30 8 8 0
8 8 8 0
8 8 8 0
8 8 8 0
9 15 15 0
9 15 15 0
9 15 15 0
9 15 15 0
15 15 15 0
15 15 15 0
15 15 15 0
6 6 29 0
6 6 29 0
6 6 29 0
23 7 7 0
23 7 7 0
23 7 7 0
23 7 7 0
23 7 7 0
23 7 7 0
23 7 7 0
23 7 7 0
23 7 7 0
2 2 2 1
2 2 2 1
2 2 2 1
2 2 2 1
2 2 2 1
2 2 2 1
22 14 14 4
22 14 14 4
22 14 14 4
22 14 14 4
22 14 14 4
