21 19 11 4
21 19 11 4
21 19 11 4
21 19 11 4
21 19 11 4
19 25 4 4
19 25 4 4
19 25 4 4
19 25 4 4
19 25 4 4
29 4 4 4
29 4 4 4
4 4 4 4
4 4 4 4
4 4 4 4
4 4 4 4
4 4 4 4
3 3 3 2
3 3 3 2
3 3 3 2
3 3 3 2
3 3 3 2
3 3 3 2
3 3 3 2
3 3 3 2
16 16 16 2
16 16 16 2
16 16 16 2
16 16 16 2
16 16 16 2
16 16 16 2
13 23 20 2
13 23 20 2
17 17 17 2
17 17 17 2
17 17 17 2
17 17 17 2
17 17 17 2
17 17 17 2
17 17 17 2
17 17 17 2
21 19 11 4
21 19 11 4
21 19 11 4
21 19 11 4
19 25 4 4
19 25 4 4
19 25 4 4
19 25 4 4
19 25 4 4
29 4 4 4
29 4 4 4
4 4 4 4
4 4 4 4
4 4 4 4
4 4 4 4
4 4 4 4
3 3 3 2
3 3 3 2
3 3 3 2
3 3 3 2
3 3 3 2
3 3 3 2
3 3 3 2
3 3 3 2
16 16 16 2
16 16 16 2
16 16 16 2
16 16 16 2
16 16 16 2
16 16 16 2
13 23 20 2
13 23 20 2
17 17 17 2
17 17 17 2
17 17 17 2
17 17 17 2
17 17 17 2
17 17 17 2
17 17 17 2
17 17 17 2
21 19 11 4
21 19 11 4
21 19 11 4
21 19 11 4
19 25 4 4
19 25 4 4
19 25 4 4
19 25 4 4
19 25 4 4
29 4 4 4
29 4 4 4
4 4 4 4
4 4 4 4
24 9 9 2
24 9 9 2
24 9 9 2
3 3 3 2
3 3 3 2
3 3 3 2
3 3 3 2
3 3 3 2
3 3 3 2
3 3 3 2
3 3 3 2
16 16 16 2
16 16 16 2
16 16 16 2
16 16 16 2
16 16 16 2
16 16 16 2
13 23 20 2
13 23 20 2
17 17 17 2
17 17 17 2
17 17 17 2
17 17 17 2
17 17 17 2
17 17 17 2
17 17 17 2
21 19 11 4
21 19 11 4
21 19 11 4
21 19 11 4
21 19 11 4
19 25 4 4
19 25 4 4
19 25 4 4
19 25 4 4
15 12 12 4
15 12 12 4
29 4 4 4
4 4 4 4
24 9 9 2
24 9 9 2
24 9 9 2
24 9 9 2
24 9 9 2
20 20 10 2
3 3 3 2
3 3 3 2
3 3 3 2
3 3 3 2
3 3 3 2
3 3 3 2
16 16 16 2
16 16 16 2
16 16 16 2
16 16 16 2
16 16 16 2
16 16 16 2
13 23 20 2
13 23 20 2
13 23 20 2
17 17 17 2
17 17 17 2
17 17 17 2
17 17 17 2
17 17 17 2
17 17 17 2
21 19 11 4
21 19 11 4
21 19 11 4
21 19 11 4
21 19 11 4
21 19 11 4
19 25 4 4
19 25 4 4
19 25 4 4
15 12 12 4
15 12 12 4
12 12 12 4
24 9 9 2
24 9 9 2
24 9 9 2
24 9 9 2
24 9 9 2
24 9 9 2
20 20 10 2
20 20 10 2
3 3 3 2
3 3 3 2
3 3 3 2
3 3 3 2
3 3 3 2
16 16 16 2
16 16 16 2
16 16 16 2
16 16 16 2
16 16 16 2
13 23 20 2
13 23 20 2
13 23 20 2
13 23 20 2
1 1 20 3
17 17 17 2
17 17 17 2
17 17 17 2
17 17 17 2
17 17 17 2
21 19 11 4
21 19 11 4
21 19 11 4
21 19 11 4
21 19 11 4
21 19 11 4
19 25 4 4
19 25 4 4
19 25 4 4
15 12 12 4
15 12 12 4
12 12 12 4
12 12 12 4
24 9 9 2
24 9 9 2
24 9 9 2
24 9 9 2
7 20 10 2
20 20 10 2
20 20 10 2
3 3 3 2
3 3 3 2
3 3 3 2
3 3 3 2
3 3 3 2
16 16 16 2
16 16 16 2
16 16 16 2
16 16 16 2
16 16 16 2
13 23 20 2
13 23 20 2
13 23 20 2
13 23 20 2
1 1 20 3
1 1 20 3
17 17 17 2
17 17 17 2
17 17 17 2
17 17 17 2
21 19 11 4
21 19 11 4
21 19 11 4
21 19 11 4
21 19 11 4
21 19 11 4
19 25 4 4
19 25 4 4
19 25 4 4
15 12 12 4
15 12 12 4
12 12 12 4
12 12 12 4
12 12 12 4
24 9 9 2
24 9 9 2
7 20 10 2
7 20 10 2
20 20 10 2
20 20 10 2
20 20 10 2
3 3 3 2
3 3 3 2
3 3 3 2
3 3 3 2
16 16 16 2
16 16 16 2
16 16 16 2
16 16 16 2
13 23 20 2
13 23 20 2
13 23 20 2
13 23 20 2
13 23 20 2
1 1 20 3
1 1 20 3
1 1 20 3
17 17 17 2
17 17 17 2
21 19 11 4
21 19 11 4
21 19 11 4
21 19 11 4
21 19 11 4
21 19 11 4
21 19 11 4
19 25 4 4
19 25 4 4
19 25 4 4
10 21 18 4
15 12 12 4
12 12 12 4
12 12 12 4
12 12 12 4
24 9 9 2
7 20 10 2
7 20 10 2
7 20 10 2
20 20 10 2
20 20 10 2
20 20 10 2
20 20 10 2
3 3 3 2
28 16 16 2
28 16 16 2
16 16 16 2
16 16 16 2
16 16 16 2
16 16 16 2
16 16 16 2
13 23 20 2
13 23 20 2
13 23 20 2
1 1 20 3
1 1 20 3
1 1 20 3
1 1 20 3
1 1 20 3
1 1 20 3
21 19 11 4
26 0 0 3
26 0 0 3
21 19 11 4
21 19 11 4
21 19 11 4
21 19 11 4
19 25 4 4
19 25 4 4
10 21 18 4
10 21 18 4
15 12 12 4
12 12 12 4
12 12 12 4
12 12 12 4
7 20 10 2
7 20 10 2
7 20 10 2
7 20 10 2
20 20 10 2
20 20 10 2
20 20 10 2
20 20 10 2
3 3 3 2
28 16 16 2
28 16 16 2
25 13 13 2
25 13 13 2
25 13 13 2
16 16 16 2
16 16 16 2
13 23 20 2
13 23 20 2
1 1 20 3
1 1 20 3
1 1 20 3
1 1 20 3
1 1 20 3
1 1 20 3
1 1 20 3
1 1 20 3
26 0 0 3
26 0 0 3
21 19 11 4
21 19 11 4
11 11 19 4
11 11 19 4
11 11 19 4
19 25 4 4
10 21 18 4
10 21 18 4
10 21 18 4
12 12 12 4
12 12 12 4
12 12 12 4
7 20 10 2
7 20 10 2
7 20 10 2
7 20 10 2
20 20 10 2
20 20 10 2
20 20 10 2
20 20 10 2
28 16 16 2
28 16 16 2
28 16 16 2
25 13 13 2
25 13 13 2
25 13 13 2
16 16 16 2
16 16 16 2
13 23 20 2
13 23 20 2
1 1 20 3
1 1 20 3
1 1 20 3
1 1 20 3
1 1 20 3
1 1 20 3
1 1 20 3
26 0 0 3
14 0 0 3
26 0 0 3
26 0 0 3
21 19 11 4
21 19 11 4
21 19 11 4
19 25 4 4
19 25 4 4
10 21 18 4
10 21 18 4
10 21 18 4
10 21 18 4
10 21 18 4
10 21 18 4
7 20 10 2
7 20 10 2
7 20 10 2
7 20 10 2
20 20 10 2
20 20 10 2
20 20 10 2
28 16 16 2
28 16 16 2
28 16 16 2
28 16 16 2
25 13 13 2
25 13 13 2
25 13 13 2
16 16 16 2
16 16 16 2
13 23 20 2
13 23 20 2
1 1 20 3
1 1 20 3
1 1 20 3
1 1 20 3
1 1 20 3
1 1 20 3
14 0 0 3
14 0 0 3
14 0 0 3
26 0 0 3
26 0 0 3
21 19 11 4
21 19 11 4
30 5 5 4
30 5 5 4
30 5 5 4
10 21 18 4
10 21 18 4
10 21 18 4
10 21 18 4
10 21 18 4
10 21 18 4
32 6 6 2
32 6 6 2
32 6 6 2
7 20 10 2
20 20 10 2
20 20 10 2
20 20 10 2
28 16 16 2
28 16 16 2
28 16 16 2
28 16 16 2
28 16 16 2
28 16 16 2
25 13 13 2
25 13 13 2
25 13 13 2
13 23 20 2
13 23 20 2
33 18 1 3
33 18 1 3
18 18 1 3
18 18 1 3
18 18 1 3
18 18 1 3
14 0 0 3
14 0 0 3
14 0 0 3
26 0 0 3
26 0 0 3
21 19 11 4
21 19 11 4
30 5 5 4
30 5 5 4
30 5 5 4
30 5 5 4
10 21 18 4
10 21 18 4
10 21 18 4
10 21 18 4
10 21 18 4
32 6 6 2
32 6 6 2
32 6 6 2
32 6 6 2
32 6 6 2
32 6 6 2
20 20 10 2
28 16 16 2
28 16 16 2
28 16 16 2
25 13 13 2
25 13 13 2
25 13 13 2
25 13 13 2
25 13 13 2
25 13 13 2
25 13 13 2
33 18 1 3
33 18 1 3
33 18 1 3
18 18 1 3
18 18 1 3
18 18 1 3
18 18 1 3
14 0 0 3
14 0 0 3
14 0 0 3
26 0 0 3
26 0 0 3
26 0 0 3
26 0 0 3
30 5 5 4
30 5 5 4
30 5 5 4
30 5 5 4
5 5 5 4
5 5 5 4
5 5 5 4
5 5 5 4
32 6 6 2
32 6 6 2
32 6 6 2
32 6 6 2
32 6 6 2
32 6 6 2
32 6 6 2
32 6 6 2
28 16 16 2
28 16 16 2
28 16 16 2
28 16 16 2
25 13 13 2
25 13 13 2
25 13 13 2
25 13 13 2
25 13 13 2
33 18 1 3
33 18 1 3
33 18 1 3
33 18 1 3
18 18 1 3
18 18 1 3
18 18 1 3
18 18 1 3
14 0 0 3
14 0 0 3
14 0 0 3
26 0 0 3
26 0 0 3
26 0 0 3
26 0 0 3
30 5 5 4
30 5 5 4
30 5 5 4
30 5 5 4
5 5 5 4
5 5 5 4
5 5 5 4
5 5 5 4
32 6 6 2
32 6 6 2
32 6 6 2
32 6 6 2
32 6 6 2
32 6 6 2
32 6 6 2
32 6 6 2
23 7 7 2
23 7 7 2
23 7 7 2
23 7 7 2
25 13 13 2
25 13 13 2
25 13 13 2
25 13 13 2
25 13 13 2
33 18 1 3
33 18 1 3
33 18 1 3
33 18 1 3
18 18 1 3
18 18 1 3
18 18 1 3
14 0 0 3
14 0 0 3
14 0 0 3
14 0 0 3
26 0 0 3
26 0 0 3
26 0 0 3
26 0 0 3
8 8 8 4
8 8 8 4
8 8 8 4
30 5 5 4
5 5 5 4
5 5 5 4
5 5 5 4
5 5 5 4
27 6 6 2
27 6 6 2
27 6 6 2
32 6 6 2
6 6 6 2
6 6 6 2
6 6 6 2
6 6 6 2
23 7 7 2
23 7 7 2
23 7 7 2
23 7 7 2
25 13 13 2
25 13 13 2
25 13 13 2
25 13 13 2
25 13 13 2
33 18 1 3
33 18 1 3
33 18 1 3
33 18 1 3
18 18 1 3
18 18 1 3
18 18 1 3
14 0 0 3
14 0 0 3
14 0 0 3
14 0 0 3
26 0 0 3
26 0 0 3
26 0 0 3
26 0 0 3
8 8 8 4
8 8 8 4
8 8 8 4
30 5 5 4
5 5 5 4
5 5 5 4
5 5 5 4
5 5 5 4
27 6 6 2
27 6 6 2
27 6 6 2
6 6 6 2
6 6 6 2
6 6 6 2
6 6 6 2
6 6 6 2
23 7 7 2
23 7 7 2
23 7 7 2
23 7 7 2
23 7 7 2
25 13 13 2
25 13 13 2
25 13 13 2
25 13 13 2
2 2 2 0
2 2 2 0
2 2 2 0
33 18 1 3
18 18 1 3
18 18 1 3
0 14 14 1
0 14 14 1
14 0 0 3
14 0 0 3
14 0 0 3
26 0 0 3
26 0 0 3
26 0 0 3
8 8 8 4
8 8 8 4
8 8 8 4
8 8 8 4
30 5 5 4
5 5 5 4
5 5 5 4
5 5 5 4
27 6 6 2
27 6 6 2
27 6 6 2
27 6 6 2
27 6 6 2
6 6 6 2
6 6 6 2
6 6 6 2
6 6 6 2
23 7 7 2
23 7 7 2
23 7 7 2
23 7 7 2
23 7 7 2
25 13 13 2
25 13 13 2
25 13 13 2
2 2 2 0
2 2 2 0
2 2 2 0
2 2 2 0
33 18 1 3
18 18 1 3
0 14 14 1
0 14 14 1
0 14 14 1
22 14 14 1
14 0 0 3
14 0 0 3
26 0 0 3
26 0 0 3
31 8 8 4
8 8 8 4
8 8 8 4
8 8 8 4
8 8 8 4
30 5 5 4
5 5 5 4
5 5 5 4
5 5 5 4
27 6 6 2
27 6 6 2
27 6 6 2
27 6 6 2
27 6 6 2
6 6 6 2
6 6 6 2
6 6 6 2
23 7 7 2
23 7 7 2
23 7 7 2
23 7 7 2
23 7 7 2
23 7 7 2
25 13 13 2
25 13 13 2
25 13 13 2
2 2 2 0
2 2 2 0
2 2 2 0
2 2 2 0
2 2 2 0
2 2 2 0
0 14 14 1
0 14 14 1
0 14 14 1
22 14 14 1
22 14 14 1
14 0 0 3
26 0 0 3
26 0 0 3
31 8 8 4
8 8 8 4
8 8 8 4
8 8 8 4
8 8 8 4
8 8 8 4
5 5 5 4
5 5 5 4
5 5 5 4
9 15 15 2
9 15 15 2
27 6 6 2
27 6 6 2
27 6 6 2
6 6 6 2
6 6 6 2
6 6 6 2
23 7 7 2
23 7 7 2
23 7 7 2
23 7 7 2
23 7 7 2
23 7 7 2
25 13 13 2
25 13 13 2
25 13 13 2
2 2 2 0
2 2 2 0
2 2 2 0
2 2 2 0
2 2 2 0
2 2 2 0
0 14 14 1
0 14 14 1
0 14 14 1
22 14 14 1
22 14 14 1
22 14 14 1
22 14 14 1
31 8 8 4
31 8 8 4
8 8 8 4
8 8 8 4
8 8 8 4
8 8 8 4
8 8 8 4
8 8 8 4
8 8 8 4
9 15 15 2
9 15 15 2
9 15 15 2
9 15 15 2
27 6 6 2
27 6 6 2
6 6 6 2
6 6 6 2
23 7 7 2
23 7 7 2
23 7 7 2
23 7 7 2
23 7 7 2
23 7 7 2
23 7 7 2
23 7 7 2
25 13 13 2
25 13 13 2
2 2 2 0
2 2 2 0
2 2 2 0
2 2 2 0
2 2 2 0
2 2 2 0
0 14 14 1
0 14 14 1
0 14 14 1
22 14 14 1
22 14 14 1
22 14 14 1
22 14 14 1
31 8 8 4
31 8 8 4
31 8 8 4
31 8 8 4
31 8 8 4
8 8 8 4
8 8 8 4
8 8 8 4
8 8 8 4
9 15 15 2
9 15 15 2
9 15 15 2
9 15 15 2
9 15 15 2
9 15 15 2
6 6 6 2
6 6 6 2
23 7 7 2
23 7 7 2
23 7 7 2
23 7 7 2
23 7 7 2
23 7 7 2
23 7 7 2
23 7 7 2
25 13 13 2
25 13 13 2
2 2 2 0
2 2 2 0
2 2 2 0
2 2 2 0
2 2 2 0
2 2 2 0
0 14 14 1
0 14 14 1
0 14 14 1
22 14 14 1
22 14 14 1
22 14 14 1
22 14 14 1
31 8 8 4
31 8 8 4
31 8 8 4
8 8 8 4
8 8 8 4
8 8 8 4
8 8 8 4
8 8 8 4
9 15 15 2
9 15 15 2
9 15 15 2
9 15 15 2
9 15 15 2
9 15 15 2
9 15 15 2
9 15 15 2
9 15 15 2
23 7 7 2
23 7 7 2
23 7 7 2
23 7 7 2
23 7 7 2
23 7 7 2
23 7 7 2
23 7 7 2
25 13 13 2
25 13 13 2
2 2 2 0
2 2 2 0
2 2 2 0
2 2 2 0
2 2 2 0
2 2 2 0
0 14 14 1
0 14 14 1
0 14 14 1
22 14 14 1
22 14 14 1
22 14 14 1
22 14 14 1
31 8 8 4
31 8 8 4
31 8 8 4
8 8 8 4
8 8 8 4
8 8 8 4
8 8 8 4
8 8 8 4
9 15 15 2
9 15 15 2
9 15 15 2
9 15 15 2
9 15 15 2
9 15 15 2
9 15 15 2
9 15 15 2
23 7 7 2
23 7 7 2
23 7 7 2
23 7 7 2
23 7 7 2
23 7 7 2
23 7 7 2
23 7 7 2
23 7 7 2
25 13 13 2
25 13 13 2
2 2 2 0
2 2 2 0
2 2 2 0
2 2 2 0
2 2 2 0
2 2 2 0
0 14 14 1
0 14 14 1
0 14 14 1
22 14 14 1
22 14 14 1
