26 19 18 3
26 19 18 3
26 19 18 3
21 19 18 3
21 19 18 3
19 34 28 3
19 34 28 3
19 34 28 3
19 34 28 3
19 34 28 3
4 4 4 3
4 4 4 3
4 4 4 3
31 9 9 4
31 9 9 4
31 9 9 4
20 20 10 4
20 20 10 4
0 3 3 4
0 3 3 4
0 3 3 4
3 3 3 4
3 3 3 4
3 3 3 4
3 3 3 4
3 3 3 4
16 16 16 2
16 16 16 2
16 16 16 2
16 16 16 2
16 16 16 2
13 28 19 2
13 28 19 2
1 1 25 2
17 17 17 2
17 17 17 2
17 17 17 2
17 17 17 2
17 17 17 2
17 17 17 2
26 19 18 3
26 19 18 3
26 19 18 3
21 19 18 3
21 19 18 3
19 34 28 3
19 34 28 3
19 34 28 3
19 34 28 3
19 34 28 3
33 4 4 3
33 4 4 3
4 4 4 3
31 9 9 4
31 9 9 4
31 9 9 4
20 20 10 4
20 20 10 4
20 20 10 4
0 3 3 4
0 3 3 4
3 3 3 4
3 3 3 4
3 3 3 4
3 3 3 4
3 3 3 4
16 16 16 2
16 16 16 2
16 16 16 2
16 16 16 2
16 16 16 2
13 28 19 2
13 28 19 2
1 1 25 2
17 17 17 2
17 17 17 2
17 17 17 2
17 17 17 2
17 17 17 2
17 17 17 2
26 19 18 3
26 19 18 3
26 19 18 3
21 19 18 3
21 19 18 3
19 34 28 3
19 34 28 3
19 34 28 3
19 34 28 3
19 34 28 3
33 4 4 3
33 4 4 3
4 4 4 3
31 9 9 4
31 9 9 4
31 9 9 4
20 20 10 4
20 20 10 4
20 20 10 4
0 3 3 4
0 3 3 4
3 3 3 4
3 3 3 4
3 3 3 4
3 3 3 4
16 16 16 2
16 16 16 2
16 16 16 2
16 16 16 2
16 16 16 2
16 16 16 2
13 28 19 2
13 28 19 2
1 1 25 2
17 17 17 2
17 17 17 2
17 17 17 2
17 17 17 2
17 17 17 2
17 17 17 2
26 19 18 3
26 19 18 3
26 19 18 3
21 19 18 3
21 19 18 3
7 33 28 3
7 33 28 3
7 33 28 3
7 33 28 3
7 33 28 3
33 4 4 3
33 4 4 3
4 4 4 3
31 9 9 4
31 9 9 4
31 9 9 4
20 20 10 4
20 20 10 4
20 20 10 4
0 3 3 4
0 3 3 4
3 3 3 4
3 3 3 4
3 3 3 4
16 16 16 2
16 16 16 2
16 16 16 2
16 16 16 2
16 16 16 2
16 16 16 2
16 16 16 2
13 28 19 2
13 28 19 2
1 1 25 2
28 17 17 2
28 17 17 2
28 17 17 2
17 17 17 2
17 17 17 2
26 19 18 3
26 19 18 3
26 19 18 3
21 19 18 3
21 19 18 3
21 19 18 3
35 33 28 3
35 33 28 3
7 33 28 3
7 33 28 3
33 4 4 3
33 4 4 3
33 4 4 3
4 4 4 3
31 9 9 4
24 9 9 4
24 9 9 4
24 9 9 4
20 20 10 4
20 20 10 4
20 20 10 4
10 10 22 4
10 10 22 4
10 10 22 4
10 10 22 4
10 10 22 4
16 16 16 2
16 16 16 2
16 16 16 2
16 16 16 2
16 16 16 2
13 28 19 2
13 28 19 2
13 28 19 2
1 1 25 2
1 1 25 2
17 17 17 2
17 17 17 2
17 17 17 2
17 17 17 2
26 19 18 3
26 19 18 3
26 19 18 3
21 19 18 3
21 19 18 3
21 19 18 3
35 33 28 3
35 33 28 3
35 33 28 3
35 33 28 3
29 29 12 4
12 12 12 3
12 12 12 3
31 9 9 4
31 9 9 4
31 9 9 4
31 9 9 4
20 20 10 4
20 20 10 4
20 20 10 4
20 20 10 4
10 10 22 4
10 10 22 4
10 10 22 4
10 10 22 4
10 10 22 4
16 16 16 2
16 16 16 2
16 16 16 2
16 16 16 2
16 16 16 2
13 28 19 2
13 28 19 2
13 28 19 2
1 1 25 2
1 1 25 2
17 17 17 2
17 17 17 2
17 17 17 2
17 17 17 2
17 17 17 2
26 19 18 3
26 19 18 3
21 19 18 3
21 19 18 3
21 19 18 3
35 33 28 3
35 33 28 3
35 33 28 3
29 29 12 4
29 29 12 4
12 12 12 3
12 12 12 3
12 12 12 3
31 9 9 4
31 9 9 4
31 9 9 4
20 20 10 4
20 20 10 4
20 20 10 4
20 20 10 4
10 10 22 4
10 10 22 4
10 10 22 4
10 10 22 4
10 10 22 4
10 10 22 4
16 16 16 2
16 16 16 2
16 16 16 2
13 28 19 2
13 28 19 2
13 28 19 2
13 28 19 2
1 1 25 2
1 1 25 2
17 17 17 2
17 17 17 2
17 17 17 2
17 17 17 2
17 17 17 2
26 19 18 3
26 19 18 3
21 19 18 3
21 19 18 3
11 11 21 4
11 11 21 4
35 33 28 3
35 33 28 3
29 29 12 4
29 29 12 4
12 12 12 3
12 12 12 3
12 12 12 3
31 9 9 4
31 9 9 4
31 9 9 4
20 20 10 4
20 20 10 4
20 20 10 4
20 20 10 4
10 10 22 4
10 10 22 4
10 10 22 4
10 10 22 4
10 10 22 4
10 10 22 4
25 13 13 1
16 16 16 2
16 16 16 2
13 28 19 2
13 28 19 2
13 28 19 2
13 28 19 2
1 1 25 2
1 1 25 2
1 1 25 2
17 17 17 2
17 17 17 2
17 17 17 2
17 17 17 2
26 19 18 3
26 19 18 3
11 11 21 4
11 11 21 4
11 11 21 4
11 11 21 4
11 11 21 4
29 29 12 4
29 29 12 4
29 29 12 4
29 29 12 4
12 12 12 3
12 12 12 3
31 9 9 4
31 9 9 4
31 9 9 4
20 20 10 4
20 20 10 4
20 20 10 4
20 20 10 4
10 10 22 4
10 10 22 4
10 10 22 4
10 10 22 4
10 10 22 4
25 13 13 1
25 13 13 1
25 13 13 1
16 16 16 2
13 28 19 2
13 28 19 2
13 28 19 2
13 28 19 2
1 1 25 2
1 1 25 2
1 1 25 2
1 1 25 2
17 17 17 2
17 17 17 2
17 17 17 2
14 0 0 1
11 11 21 4
11 11 21 4
11 11 21 4
11 11 21 4
11 11 21 4
11 11 21 4
11 11 21 4
29 29 12 4
29 29 12 4
29 29 12 4
12 12 12 3
31 9 9 4
31 9 9 4
31 9 9 4
31 9 9 4
20 20 10 4
20 20 10 4
20 20 10 4
20 20 10 4
20 20 10 4
10 10 22 4
10 10 22 4
10 10 22 4
25 13 13 1
25 13 13 1
25 13 13 1
25 13 13 1
25 13 13 1
13 28 19 2
13 28 19 2
13 28 19 2
13 28 19 2
34 18 1 1
34 18 1 1
34 18 1 1
17 17 17 2
17 17 17 2
17 17 17 2
17 17 17 2
14 0 0 1
14 0 0 1
11 11 21 4
11 11 21 4
11 11 21 4
11 11 21 4
11 11 21 4
11 11 21 4
29 29 12 4
29 29 12 4
29 29 12 4
12 12 12 3
31 9 9 4
31 9 9 4
31 9 9 4
31 9 9 4
6 6 6 4
6 6 6 4
20 20 10 4
20 20 10 4
20 20 10 4
10 10 22 4
10 10 22 4
25 13 13 1
25 13 13 1
25 13 13 1
25 13 13 1
25 13 13 1
25 13 13 1
13 28 19 2
13 28 19 2
13 28 19 2
34 18 1 1
34 18 1 1
34 18 1 1
34 18 1 1
17 17 17 2
17 17 17 2
17 17 17 2
14 0 0 1
14 0 0 1
14 0 0 1
14 0 0 1
11 11 21 4
11 11 21 4
11 11 21 4
11 11 21 4
11 11 21 4
29 29 12 4
29 29 12 4
29 29 12 4
12 12 12 3
31 9 9 4
31 9 9 4
31 9 9 4
6 6 6 4
6 6 6 4
6 6 6 4
20 20 10 4
20 20 10 4
20 20 10 4
10 10 22 4
10 10 22 4
25 13 13 1
25 13 13 1
25 13 13 1
25 13 13 1
25 13 13 1
25 13 13 1
25 13 13 1
13 28 19 2
13 28 19 2
34 18 1 1
34 18 1 1
34 18 1 1
34 18 1 1
17 17 17 2
17 17 17 2
17 17 17 2
14 0 0 1
14 0 0 1
14 0 0 1
14 0 0 1
11 11 21 4
11 11 21 4
11 11 21 4
11 11 21 4
5 5 5 4
5 5 5 4
5 5 5 4
5 5 5 4
12 12 12 3
31 9 9 4
31 9 9 4
31 9 9 4
6 6 6 4
6 6 6 4
6 6 6 4
20 20 10 4
20 20 10 4
20 20 10 4
10 10 22 4
25 13 13 1
25 13 13 1
25 13 13 1
25 13 13 1
25 13 13 1
25 13 13 1
25 13 13 1
25 13 13 1
34 18 1 1
34 18 1 1
34 18 1 1
34 18 1 1
34 18 1 1
34 18 1 1
34 18 1 1
17 17 17 2
22 14 14 1
14 0 0 1
14 0 0 1
14 0 0 1
14 0 0 1
14 0 0 1
11 11 21 4
11 11 21 4
11 11 21 4
5 5 5 4
5 5 5 4
5 5 5 4
5 5 5 4
5 5 5 4
32 15 15 4
32 15 15 4
32 15 15 4
6 6 6 4
6 6 6 4
6 6 6 4
6 6 6 4
6 6 6 4
6 6 6 4
10 10 22 4
25 13 13 1
25 13 13 1
25 13 13 1
25 13 13 1
25 13 13 1
25 13 13 1
25 13 13 1
25 13 13 1
34 18 1 1
34 18 1 1
34 18 1 1
34 18 1 1
18 18 1 1
18 18 1 1
18 18 1 1
22 14 14 1
22 14 14 1
14 0 0 1
14 0 0 1
14 0 0 1
14 0 0 1
14 0 0 1
14 0 0 1
11 11 21 4
5 5 5 4
5 5 5 4
5 5 5 4
5 5 5 4
5 5 5 4
5 5 5 4
32 15 15 4
32 15 15 4
32 15 15 4
6 6 6 4
6 6 6 4
6 6 6 4
6 6 6 4
6 6 6 4
6 6 6 4
6 6 6 4
25 13 13 1
25 13 13 1
25 13 13 1
25 13 13 1
25 13 13 1
25 13 13 1
25 13 13 1
34 18 1 1
34 18 1 1
34 18 1 1
34 18 1 1
34 18 1 1
34 18 1 1
34 18 1 1
34 18 1 1
22 14 14 1
22 14 14 1
14 0 0 1
14 0 0 1
14 0 0 1
14 0 0 1
14 0 0 1
14 0 0 1
5 5 5 4
5 5 5 4
5 5 5 4
5 5 5 4
5 5 5 4
5 5 5 4
5 5 5 4
32 15 15 4
32 15 15 4
32 15 15 4
6 6 6 4
6 6 6 4
6 6 6 4
6 6 6 4
6 6 6 4
6 6 6 4
6 6 6 4
6 6 6 4
25 13 13 1
25 13 13 1
25 13 13 1
25 13 13 1
25 13 13 1
25 13 13 1
34 18 1 1
34 18 1 1
34 18 1 1
34 18 1 1
34 18 1 1
34 18 1 1
34 18 1 1
34 18 1 1
22 14 14 1
22 14 14 1
14 0 0 1
14 0 0 1
14 0 0 1
14 0 0 1
14 0 0 1
14 0 0 1
30 8 8 4
5 5 5 4
5 5 5 4
5 5 5 4
5 5 5 4
5 5 5 4
5 5 5 4
32 15 15 4
32 15 15 4
32 15 15 4
6 6 6 4
6 6 6 4
6 6 6 4
6 6 6 4
6 6 6 4
6 6 6 4
6 6 6 4
6 6 6 4
23 7 7 1
25 13 13 1
25 13 13 1
25 13 13 1
25 13 13 1
25 13 13 1
2 2 2 1
2 2 2 1
2 2 2 1
2 2 2 1
34 18 1 1
34 18 1 1
34 18 1 1
22 14 14 1
22 14 14 1
22 14 14 1
14 0 0 1
14 0 0 1
14 0 0 1
14 0 0 1
14 0 0 1
30 8 8 4
30 8 8 4
8 8 8 4
8 8 8 4
5 5 5 4
5 5 5 4
5 5 5 4
32 15 15 4
32 15 15 4
32 15 15 4
27 15 15 4
27 15 15 4
27 15 15 4
6 6 6 4
6 6 6 4
6 6 6 4
6 6 6 4
6 6 6 4
23 7 7 1
23 7 7 1
23 7 7 1
25 13 13 1
25 13 13 1
25 13 13 1
2 2 2 1
2 2 2 1
2 2 2 1
2 2 2 1
2 2 2 1
34 18 1 1
34 18 1 1
34 18 1 1
22 14 14 1
22 14 14 1
22 14 14 1
14 0 0 1
14 0 0 1
14 0 0 1
14 0 0 1
30 8 8 4
30 8 8 4
30 8 8 4
8 8 8 4
8 8 8 4
8 8 8 4
5 5 5 4
5 5 5 4
32 15 15 4
32 15 15 4
32 15 15 4
32 15 15 4
32 15 15 4
6 6 6 4
6 6 6 4
6 6 6 4
6 6 6 4
6 6 6 4
6 6 6 4
23 7 7 1
23 7 7 1
23 7 7 1
23 7 7 1
25 13 13 1
2 2 2 1
2 2 2 1
2 2 2 1
2 2 2 1
2 2 2 1
2 2 2 1
34 18 1 1
34 18 1 1
34 18 1 1
22 14 14 1
22 14 14 1
22 14 14 1
22 14 14 1
14 0 0 1
14 0 0 1
14 0 0 1
30 8 8 4
30 8 8 4
30 8 8 4
8 8 8 4
8 8 8 4
8 8 8 4
8 8 8 4
32 15 15 4
32 15 15 4
32 15 15 4
32 15 15 4
32 15 15 4
32 15 15 4
6 6 6 4
6 6 6 4
6 6 6 4
6 6 6 4
6 6 6 4
23 7 7 1
23 7 7 1
23 7 7 1
23 7 7 1
23 7 7 1
23 7 7 1
2 2 2 1
2 2 2 1
2 2 2 1
2 2 2 1
2 2 2 1
2 2 2 1
2 2 2 1
2 2 2 1
2 2 2 1
22 14 14 1
22 14 14 1
22 14 14 1
22 14 14 1
22 14 14 1
22 14 14 1
30 8 8 4
30 8 8 4
30 8 8 4
30 8 8 4
8 8 8 4
8 8 8 4
8 8 8 4
8 8 8 4
8 8 8 4
32 15 15 4
32 15 15 4
32 15 15 4
32 15 15 4
32 15 15 4
6 6 6 4
6 6 6 4
6 6 6 4
6 6 6 4
6 6 6 4
23 7 7 1
23 7 7 1
23 7 7 1
23 7 7 1
23 7 7 1
23 7 7 1
2 2 2 1
2 2 2 1
2 2 2 1
2 2 2 1
2 2 2 1
2 2 2 1
2 2 2 1
2 2 2 1
22 14 14 1
22 14 14 1
22 14 14 1
22 14 14 1
22 14 14 1
22 14 14 1
22 14 14 1
30 8 8 4
30 8 8 4
30 8 8 4
30 8 8 4
30 8 8 4
8 8 8 4
8 8 8 4
8 8 8 4
9 15 15 4
9 15 15 4
9 15 15 4
9 15 15 4
15 15 15 4
15 15 15 4
15 15 15 4
6 6 6 4
6 6 6 4
6 6 6 4
23 7 7 1
23 7 7 1
23 7 7 1
23 7 7 1
23 7 7 1
23 7 7 1
23 7 7 1
23 7 7 1
2 2 2 1
2 2 2 1
2 2 2 1
2 2 2 1
2 2 2 1
2 2 2 1
2 2 2 1
22 14 14 1
22 14 14 1
22 14 14 1
22 14 14 1
22 14 14 1
22 14 14 1
22 14 14 1
30 8 8 4
30 8 8 4
30 8 8 4
30 8 8 4
30 8 8 4
8 8 8 4
8 8 8 4
8 8 8 4
9 15 15 4
9 15 15 4
9 15 15 4
9 15 15 4
9 15 15 4
9 15 15 4
6 6 6 4
6 6 6 4
6 6 6 4
6 6 6 4
23 7 7 1
23 7 7 1
23 7 7 1
23 7 7 1
23 7 7 1
23 7 7 1
23 7 7 1
23 7 7 1
23 7 7 1
2 2 2 1
2 2 2 1
2 2 2 1
2 2 2 1
2 2 2 1
2 2 2 1
22 14 14 1
22 14 14 1
22 14 14 1
22 14 14 1
22 14 14 1
22 14 14 1
22 14 14 1
30 8 8 4
30 8 8 4
30 8 8 4
30 8 8 4
30 8 8 4
8 8 8 4
8 8 8 4
8 8 8 4
9 15 15 4
9 15 15 4
9 15 15 4
9 15 15 4
9 15 15 4
9 15 15 4
6 6 6 4
6 6 6 4
6 6 6 4
6 6 6 4
23 7 7 1
23 7 7 1
23 7 7 1
23 7 7 1
23 7 7 1
23 7 7 1
23 7 7 1
23 7 7 1
2 2 2 1
2 2 2 1
2 2 2 1
2 2 2 1
2 2 2 1
2 2 2 1
2 2 2 1
22 14 14 1
22 14 14 1
22 14 14 1
22 14 14 1
22 14 14 1
