26 19 18 2
26 19 18 2
26 19 18 2
21 19 18 2
21 19 18 2
19 34 28 2
19 34 28 2
19 34 28 2
19 34 28 2
19 34 28 2
4 4 4 2
4 4 4 2
4 4 4 2
4 4 4 2
24 9 9 2
24 9 9 2
24 9 9 2
0 3 3 3
0 3 3 3
0 3 3 3
0 3 3 3
3 3 3 3
3 3 3 3
3 3 3 3
3 3 3 3
16 16 16 3
16 16 16 3
16 16 16 3
16 16 16 3
16 16 16 3
16 16 16 3
13 28 25 4
13 28 25 4
13 28 25 4
28 17 17 4
28 17 17 4
28 17 17 4
17 17 17 4
17 17 17 4
17 17 17 4
26 19 18 2
26 19 18 2
26 19 18 2
21 19 18 2
21 19 18 2
19 34 28 2
19 34 28 2
19 34 28 2
19 34 28 2
19 34 28 2
4 4 4 2
4 4 4 2
4 4 4 2
4 4 4 2
24 9 9 2
24 9 9 2
24 9 9 2
0 3 3 3
0 3 3 3
0 3 3 3
0 3 3 3
3 3 3 3
3 3 3 3
3 3 3 3
3 3 3 3
16 16 16 3
16 16 16 3
16 16 16 3
16 16 16 3
16 16 16 3
16 16 16 3
13 28 25 4
13 28 25 4
13 28 25 4
28 17 17 4
28 17 17 4
28 17 17 4
17 17 17 4
17 17 17 4
17 17 17 4
26 19 18 2
26 19 18 2
26 19 18 2
21 19 18 2
21 19 18 2
19 34 28 2
19 34 28 2
19 34 28 2
19 34 28 2
19 34 28 2
4 4 4 2
4 4 4 2
4 4 4 2
31 9 9 2
24 9 9 2
24 9 9 2
24 9 9 2
24 9 9 2
0 3 3 3
0 3 3 3
0 3 3 3
3 3 3 3
3 3 3 3
3 3 3 3
3 3 3 3
16 16 16 3
16 16 16 3
16 16 16 3
16 16 16 3
16 16 16 3
16 16 16 3
13 28 25 4
13 28 25 4
13 28 25 4
28 17 17 4
28 17 17 4
28 17 17 4
17 17 17 4
17 17 17 4
17 17 17 4
26 19 18 2
26 19 18 2
26 19 18 2
21 19 18 2
21 19 18 2
7 33 28 2
7 33 28 2
7 33 28 2
7 33 28 2
7 33 28 2
33 30 9 2
33 30 9 2
4 4 4 2
31 9 9 2
24 9 9 2
24 9 9 2
24 9 9 2
24 9 9 2
20 20 10 3
0 3 3 3
0 3 3 3
3 3 3 3
3 3 3 3
3 3 3 3
16 16 16 3
16 16 16 3
16 16 16 3
16 16 16 3
16 16 16 3
16 16 16 3
16 16 16 3
13 28 25 4
13 28 25 4
13 28 25 4
28 17 17 4
28 17 17 4
28 17 17 4
17 17 17 4
17 17 17 4
26 19 18 2
26 19 18 2
26 19 18 2
21 19 18 2
21 19 18 2
21 19 18 2
35 33 28 2
35 33 28 2
7 33 28 2
7 33 28 2
7 33 28 2
4 4 4 2
4 4 4 2
4 4 4 2
31 9 9 2
24 9 9 2
24 9 9 2
24 9 9 2
24 9 9 2
20 20 10 3
20 20 10 3
10 10 22 3
10 10 22 3
10 10 22 3
10 10 22 3
16 16 16 3
16 16 16 3
16 16 16 3
16 16 16 3
16 16 16 3
16 16 16 3
16 16 16 3
13 28 25 4
13 28 25 4
1 1 25 4
1 1 25 4
28 17 17 4
28 17 17 4
17 17 17 4
17 17 17 4
26 19 18 2
26 19 18 2
26 19 18 2
21 19 18 2
21 19 18 2
21 19 18 2
35 33 28 2
35 33 28 2
7 33 28 2
7 33 28 2
7 33 28 2
4 4 4 2
4 4 4 2
4 4 4 2
31 9 9 2
24 9 9 2
24 9 9 2
24 9 9 2
20 20 10 3
20 20 10 3
20 20 10 3
10 10 22 3
10 10 22 3
10 10 22 3
10 10 22 3
10 10 22 3
16 16 16 3
16 16 16 3
16 16 16 3
16 16 16 3
16 16 16 3
16 16 16 3
13 28 25 4
13 28 25 4
1 1 25 4
1 1 25 4
28 17 17 4
28 17 17 4
17 17 17 4
17 17 17 4
26 19 18 2
26 19 18 2
26 19 18 2
21 19 18 2
21 19 18 2
21 19 18 2
35 33 28 2
35 33 28 2
7 33 28 2
29 29 12 2
12 12 12 2
12 12 12 2
12 12 12 2
12 12 12 2
31 9 9 2
24 9 9 2
24 9 9 2
20 20 10 3
20 20 10 3
20 20 10 3
20 20 10 3
10 10 22 3
10 10 22 3
10 10 22 3
10 10 22 3
10 10 22 3
16 16 16 3
16 16 16 3
16 16 16 3
16 16 16 3
16 16 16 3
13 28 25 4
13 28 25 4
13 28 25 4
1 1 25 4
1 1 25 4
1 1 25 4
28 17 17 4
17 17 17 4
17 17 17 4
26 19 18 2
26 19 18 2
26 19 18 2
21 19 18 2
21 19 18 2
11 11 21 2
11 11 21 2
35 33 28 2
7 33 28 2
29 29 12 2
29 29 12 2
12 12 12 2
12 12 12 2
12 12 12 2
31 9 9 2
24 9 9 2
24 9 9 2
20 20 10 3
20 20 10 3
20 20 10 3
20 20 10 3
10 10 22 3
10 10 22 3
10 10 22 3
10 10 22 3
10 10 22 3
25 13 13 4
25 13 13 4
16 16 16 3
16 16 16 3
16 16 16 3
16 16 16 3
13 28 25 4
13 28 25 4
1 1 25 4
1 1 25 4
1 1 25 4
1 1 25 4
1 1 25 4
1 1 25 4
26 19 18 2
26 19 18 2
26 19 18 2
11 11 21 2
11 11 21 2
11 11 21 2
11 11 21 2
11 11 21 2
7 33 28 2
29 29 12 2
29 29 12 2
29 29 12 2
29 29 12 2
12 12 12 2
31 9 9 2
24 9 9 2
24 9 9 2
20 20 10 3
20 20 10 3
20 20 10 3
20 20 10 3
10 10 22 3
10 10 22 3
10 10 22 3
10 10 22 3
25 13 13 4
25 13 13 4
25 13 13 4
16 16 16 3
16 16 16 3
16 16 16 3
16 16 16 3
13 28 25 4
13 28 25 4
1 1 25 4
1 1 25 4
1 1 25 4
1 1 25 4
1 1 25 4
1 1 25 4
1 1 25 4
11 11 21 2
11 11 21 2
11 11 21 2
11 11 21 2
11 11 21 2
11 11 21 2
11 11 21 2
11 11 21 2
29 29 12 2
29 29 12 2
29 29 12 2
12 12 12 2
12 12 12 2
31 9 9 2
24 9 9 2
24 9 9 2
20 20 10 3
20 20 10 3
20 20 10 3
20 20 10 3
10 10 22 3
10 10 22 3
10 10 22 3
10 10 22 3
25 13 13 4
25 13 13 4
25 13 13 4
25 13 13 4
16 16 16 3
16 16 16 3
16 16 16 3
13 28 25 4
13 28 25 4
1 1 25 4
1 1 25 4
1 1 25 4
1 1 25 4
1 1 25 4
1 1 25 4
1 1 25 4
14 0 0 2
11 11 21 2
11 11 21 2
11 11 21 2
11 11 21 2
11 11 21 2
11 11 21 2
11 11 21 2
29 29 12 2
29 29 12 2
29 29 12 2
12 12 12 2
12 12 12 2
31 9 9 2
31 9 9 2
31 9 9 2
20 20 10 3
20 20 10 3
20 20 10 3
20 20 10 3
10 10 22 3
10 10 22 3
10 10 22 3
25 13 13 4
25 13 13 4
25 13 13 4
25 13 13 4
25 13 13 4
16 16 16 3
16 16 16 3
13 28 25 4
13 28 25 4
13 28 25 4
34 18 1 4
1 1 25 4
1 1 25 4
1 1 25 4
1 1 25 4
1 1 25 4
14 0 0 2
14 0 0 2
14 0 0 2
11 11 21 2
11 11 21 2
11 11 21 2
11 11 21 2
11 11 21 2
11 11 21 2
29 29 12 2
29 29 12 2
29 29 12 2
12 12 12 2
12 12 12 2
31 9 9 2
31 9 9 2
27 6 29 0
6 6 29 0
6 6 29 0
20 20 10 3
20 20 10 3
10 10 22 3
10 10 22 3
25 13 13 4
25 13 13 4
25 13 13 4
25 13 13 4
25 13 13 4
25 13 13 4
16 16 16 3
16 16 16 3
34 18 1 4
34 18 1 4
34 18 1 4
34 18 1 4
18 18 1 4
18 18 1 4
18 18 1 4
18 18 1 4
18 18 1 4
14 0 0 2
14 0 0 2
14 0 0 2
14 0 0 2
11 11 21 2
11 11 21 2
11 11 21 2
11 11 21 2
5 5 5 2
5 5 5 2
5 5 5 2
5 5 5 2
12 12 12 2
12 12 12 2
31 9 9 2
27 6 29 0
27 6 29 0
6 6 29 0
6 6 29 0
20 20 10 3
20 20 10 3
6 6 29 0
10 10 22 3
25 13 13 4
25 13 13 4
25 13 13 4
25 13 13 4
25 13 13 4
25 13 13 4
25 13 13 4
25 13 13 4
34 18 1 4
34 18 1 4
34 18 1 4
34 18 1 4
18 18 1 4
18 18 1 4
18 18 1 4
18 18 1 4
14 0 0 2
14 0 0 2
14 0 0 2
14 0 0 2
14 0 0 2
11 11 21 2
11 11 21 2
11 11 21 2
11 11 21 2
5 5 5 2
5 5 5 2
5 5 5 2
5 5 5 2
32 15 15 0
32 15 15 0
32 15 15 0
27 6 29 0
27 6 29 0
6 6 29 0
6 6 29 0
6 6 29 0
6 6 29 0
6 6 29 0
25 13 13 4
25 13 13 4
25 13 13 4
25 13 13 4
25 13 13 4
25 13 13 4
25 13 13 4
25 13 13 4
25 13 13 4
34 18 1 4
34 18 1 4
34 18 1 4
34 18 1 4
18 18 1 4
18 18 1 4
18 18 1 4
18 18 1 4
14 0 0 2
14 0 0 2
14 0 0 2
14 0 0 2
14 0 0 2
14 0 0 2
11 11 21 2
11 11 21 2
5 5 5 2
5 5 5 2
5 5 5 2
5 5 5 2
5 5 5 2
32 15 15 0
32 15 15 0
32 15 15 0
27 6 29 0
27 6 29 0
6 6 29 0
6 6 29 0
6 6 29 0
6 6 29 0
6 6 29 0
6 6 29 0
25 13 13 4
25 13 13 4
25 13 13 4
25 13 13 4
25 13 13 4
25 13 13 4
25 13 13 4
25 13 13 4
34 18 1 4
34 18 1 4
34 18 1 4
34 18 1 4
18 18 1 4
18 18 1 4
18 18 1 4
18 18 1 4
14 0 0 2
14 0 0 2
14 0 0 2
14 0 0 2
14 0 0 2
14 0 0 2
14 0 0 2
11 11 21 2
8 21 5 2
8 21 5 2
5 5 5 2
5 5 5 2
5 5 5 2
5 5 5 2
32 15 15 0
32 15 15 0
27 6 29 0
27 6 29 0
6 6 29 0
6 6 29 0
6 6 29 0
6 6 29 0
6 6 29 0
6 6 29 0
25 13 13 4
25 13 13 4
25 13 13 4
25 13 13 4
25 13 13 4
25 13 13 4
25 13 13 4
25 13 13 4
2 2 2 4
2 2 2 4
2 2 2 4
34 18 1 4
18 18 1 4
18 18 1 4
18 18 1 4
14 0 0 2
14 0 0 2
14 0 0 2
14 0 0 2
14 0 0 2
14 0 0 2
14 0 0 2
30 8 8 2
30 8 8 2
8 21 5 2
8 21 5 2
5 5 5 2
5 5 5 2
5 5 5 2
32 15 15 0
32 15 15 0
32 15 15 0
27 6 29 0
27 6 29 0
6 6 29 0
6 6 29 0
6 6 29 0
6 6 29 0
6 6 29 0
6 6 29 0
6 6 29 0
23 7 7 1
25 13 13 4
25 13 13 4
25 13 13 4
25 13 13 4
25 13 13 4
2 2 2 4
2 2 2 4
2 2 2 4
2 2 2 4
34 18 1 4
18 18 1 4
18 18 1 4
18 18 1 4
14 0 0 2
14 0 0 2
14 0 0 2
14 0 0 2
14 0 0 2
14 0 0 2
30 8 8 2
30 8 8 2
30 8 8 2
8 21 5 2
8 21 5 2
5 5 5 2
5 5 5 2
32 15 15 0
32 15 15 0
32 15 15 0
32 15 15 0
27 6 29 0
27 6 29 0
27 6 29 0
6 6 29 0
6 6 29 0
6 6 29 0
6 6 29 0
6 6 29 0
23 7 7 1
23 7 7 1
23 7 7 1
25 13 13 4
25 13 13 4
25 13 13 4
25 13 13 4
2 2 2 4
2 2 2 4
2 2 2 4
2 2 2 4
34 18 1 4
18 18 1 4
18 18 1 4
18 18 1 4
22 14 14 2
22 14 14 2
14 0 0 2
14 0 0 2
14 0 0 2
14 0 0 2
30 8 8 2
30 8 8 2
30 8 8 2
8 21 5 2
8 21 5 2
8 21 5 2
8 21 5 2
32 15 15 0
32 15 15 0
32 15 15 0
32 15 15 0
32 15 15 0
27 6 29 0
27 6 29 0
6 6 29 0
6 6 29 0
6 6 29 0
6 6 29 0
23 7 7 1
23 7 7 1
23 7 7 1
23 7 7 1
25 13 13 4
25 13 13 4
25 13 13 4
25 13 13 4
2 2 2 4
2 2 2 4
2 2 2 4
2 2 2 4
2 2 2 4
2 2 2 4
2 2 2 4
22 14 14 2
22 14 14 2
22 14 14 2
22 14 14 2
22 14 14 2
22 14 14 2
30 8 8 2
30 8 8 2
30 8 8 2
30 8 8 2
8 21 5 2
8 21 5 2
8 21 5 2
8 21 5 2
32 15 15 0
32 15 15 0
32 15 15 0
32 15 15 0
15 15 15 0
27 6 29 0
27 6 29 0
6 6 29 0
6 6 29 0
6 6 29 0
6 6 29 0
23 7 7 1
23 7 7 1
23 7 7 1
23 7 7 1
23 7 7 1
25 13 13 4
25 13 13 4
25 13 13 4
2 2 2 4
2 2 2 4
2 2 2 4
2 2 2 4
2 2 2 4
2 2 2 4
2 2 2 4
22 14 14 2
22 14 14 2
22 14 14 2
22 14 14 2
22 14 14 2
22 14 14 2
30 8 8 2
30 8 8 2
30 8 8 2
30 8 8 2
8 21 5 2
8 21 5 2
8 21 5 2
8 21 5 2
8 21 5 2
32 15 15 0
32 15 15 0
32 15 15 0
15 15 15 0
15 15 15 0
15 15 15 0
6 6 29 0
6 6 29 0
6 6 29 0
23 7 7 1
23 7 7 1
23 7 7 1
23 7 7 1
23 7 7 1
23 7 7 1
23 7 7 1
25 13 13 4
25 13 13 4
2 2 2 4
2 2 2 4
2 2 2 4
2 2 2 4
2 2 2 4
2 2 2 4
22 14 14 2
22 14 14 2
22 14 14 2
22 14 14 2
22 14 14 2
22 14 14 2
22 14 14 2
30 8 8 2
30 8 8 2
30 8 8 2
30 8 8 2
30 8 8 2
8 21 5 2
8 21 5 2
8 21 5 2
9 15 15 0
9 15 15 0
9 15 15 0
9 15 15 0
15 15 15 0
15 15 15 0
15 15 15 0
15 15 15 0
15 15 15 0
23 7 7 1
23 7 7 1
23 7 7 1
23 7 7 1
23 7 7 1
23 7 7 1
23 7 7 1
23 7 7 1
23 7 7 1
2 2 2 4
2 2 2 4
2 2 2 4
2 2 2 4
2 2 2 4
2 2 2 4
2 2 2 4
2 2 2 4
22 14 14 2
22 14 14 2
22 14 14 2
22 14 14 2
22 14 14 2
22 14 14 2
30 8 8 2
30 8 8 2
30 8 8 2
30 8 8 2
30 8 8 2
8 21 5 2
8 21 5 2
8 21 5 2
9 15 15 0
9 15 15 0
9 15 15 0
9 15 15 0
15 15 15 0
15 15 15 0
15 15 15 0
15 15 15 0
15 15 15 0
23 7 7 1
23 7 7 1
23 7 7 1
23 7 7 1
23 7 7 1
23 7 7 1
23 7 7 1
23 7 7 1
23 7 7 1
2 2 2 4
2 2 2 4
2 2 2 4
2 2 2 4
2 2 2 4
2 2 2 4
2 2 2 4
2 2 2 4
22 14 14 2
22 14 14 2
22 14 14 2
22 14 14 2
22 14 14 2
30 8 8 2
30 8 8 2
30 8 8 2
30 8 8 2
30 8 8 2
30 8 8 2
8 21 5 2
8 21 5 2
8 21 5 2
9 15 15 0
9 15 15 0
9 15 15 0
9 15 15 0
15 15 15 0
15 15 15 0
15 15 15 0
15 15 15 0
15 15 15 0
23 7 7 1
23 7 7 1
23 7 7 1
23 7 7 1
23 7 7 1
23 7 7 1
23 7 7 1
23 7 7 1
23 7 7 1
2 2 2 4
2 2 2 4
2 2 2 4
2 2 2 4
2 2 2 4
2 2 2 4
2 2 2 4
2 2 2 4
22 14 14 2
22 14 14 2
22 14 14 2
22 14 14 2
