26 19 18 3
26 19 18 3
21 19 18 3
21 19 18 3
21 19 18 3
21 19 18 3
19 34 18 4
19 34 18 4
19 34 18 4
19 34 18 4
4 4 4 4
4 4 4 4
4 4 4 4
4 4 4 4
4 4 4 4
4 4 4 4
0 3 3 2
0 3 3 2
0 3 3 2
0 3 3 2
0 3 3 2
3 3 3 2
3 3 3 2
3 3 3 2
3 3 3 2
16 16 16 2
16 16 16 2
16 16 16 2
16 16 16 2
16 16 16 2
16 16 16 2
13 28 19 2
13 28 19 2
28 17 17 2
28 17 17 2
28 17 17 2
28 17 17 2
17 17 17 2
17 17 17 2
17 17 17 2
26 19 18 3
26 19 18 3
26 19 18 3
21 19 18 3
21 19 18 3
21 19 18 3
19 34 18 4
19 34 18 4
19 34 18 4
19 34 18 4
4 4 4 4
4 4 4 4
4 4 4 4
4 4 4 4
4 4 4 4
4 4 4 4
4 4 4 4
0 3 3 2
0 3 3 2
0 3 3 2
0 3 3 2
3 3 3 2
3 3 3 2
3 3 3 2
3 3 3 2
16 16 16 2
16 16 16 2
16 16 16 2
16 16 16 2
16 16 16 2
16 16 16 2
13 28 19 2
13 28 19 2
28 17 17 2
28 17 17 2
28 17 17 2
28 17 17 2
17 17 17 2
17 17 17 2
17 17 17 2
26 19 18 3
26 19 18 3
26 19 18 3
21 19 18 3
21 19 18 3
19 34 18 4
19 34 18 4
19 34 18 4
19 34 18 4
19 34 18 4
33 30 4 4
33 30 4 4
4 4 4 4
4 4 4 4
24 9 9 2
24 9 9 2
24 9 9 2
0 3 3 2
0 3 3 2
0 3 3 2
0 3 3 2
3 3 3 2
3 3 3 2
3 3 3 2
3 3 3 2
16 16 16 2
16 16 16 2
16 16 16 2
16 16 16 2
16 16 16 2
16 16 16 2
13 28 19 2
13 28 19 2
28 17 17 2
28 17 17 2
28 17 17 2
28 17 17 2
17 17 17 2
17 17 17 2
17 17 17 2
26 19 18 3
26 19 18 3
26 19 18 3
21 19 18 3
21 19 18 3
7 33 12 4
7 33 12 4
7 33 12 4
7 33 12 4
7 33 12 4
33 30 4 4
33 30 4 4
33 30 4 4
31 9 9 2
24 9 9 2
24 9 9 2
24 9 9 2
24 9 9 2
20 20 10 2
0 3 3 2
0 3 3 2
3 3 3 2
3 3 3 2
3 3 3 2
3 3 3 2
16 16 16 2
16 16 16 2
16 16 16 2
16 16 16 2
16 16 16 2
16 16 16 2
13 28 19 2
13 28 19 2
28 17 17 2
28 17 17 2
28 17 17 2
28 17 17 2
17 17 17 2
17 17 17 2
26 19 18 3
26 19 18 3
26 19 18 3
21 19 18 3
21 19 18 3
21 19 18 3
21 19 18 3
21 19 18 3
7 33 12 4
7 33 12 4
29 29 12 4
33 30 4 4
33 30 4 4
33 30 4 4
31 9 9 2
24 9 9 2
24 9 9 2
24 9 9 2
24 9 9 2
20 20 10 2
10 10 22 2
10 10 22 2
10 10 22 2
10 10 22 2
10 10 22 2
10 10 22 2
16 16 16 2
16 16 16 2
16 16 16 2
16 16 16 2
16 16 16 2
13 28 19 2
13 28 19 2
13 28 19 2
13 28 19 2
28 17 17 2
28 17 17 2
28 17 17 2
17 17 17 2
17 17 17 2
26 19 18 3
26 19 18 3
26 19 18 3
21 19 18 3
21 19 18 3
21 19 18 3
35 29 12 4
35 29 12 4
35 29 12 4
7 33 12 4
29 29 12 4
12 12 12 4
12 12 12 4
31 9 9 2
31 9 9 2
24 9 9 2
24 9 9 2
24 9 9 2
20 20 10 2
20 20 10 2
20 20 10 2
10 10 22 2
10 10 22 2
10 10 22 2
10 10 22 2
10 10 22 2
16 16 16 2
16 16 16 2
16 16 16 2
16 16 16 2
16 16 16 2
13 28 19 2
13 28 19 2
13 28 19 2
13 28 19 2
1 1 25 3
28 17 17 2
28 17 17 2
17 17 17 2
17 17 17 2
26 19 18 3
26 19 18 3
26 19 18 3
21 19 18 3
21 19 18 3
21 19 18 3
21 19 18 3
21 19 18 3
29 29 12 4
29 29 12 4
29 29 12 4
12 12 12 4
12 12 12 4
12 12 12 4
31 9 9 2
24 9 9 2
24 9 9 2
20 20 10 2
20 20 10 2
20 20 10 2
20 20 10 2
10 10 22 2
10 10 22 2
10 10 22 2
10 10 22 2
10 10 22 2
16 16 16 2
16 16 16 2
16 16 16 2
16 16 16 2
16 16 16 2
13 28 19 2
13 28 19 2
13 28 19 2
13 28 19 2
1 1 25 3
1 1 25 3
28 17 17 2
17 17 17 2
17 17 17 2
26 19 18 3
26 19 18 3
26 19 18 3
21 19 18 3
21 19 18 3
21 19 18 3
21 19 18 3
29 29 12 4
29 29 12 4
29 29 12 4
29 29 12 4
29 29 12 4
12 12 12 4
12 12 12 4
31 9 9 2
24 9 9 2
20 20 10 2
20 20 10 2
20 20 10 2
20 20 10 2
20 20 10 2
10 10 22 2
10 10 22 2
10 10 22 2
10 10 22 2
10 10 22 2
10 10 22 2
16 16 16 2
16 16 16 2
16 16 16 2
16 16 16 2
13 28 19 2
13 28 19 2
13 28 19 2
1 1 25 3
1 1 25 3
1 1 25 3
1 1 25 3
1 1 25 3
1 1 25 3
26 19 18 3
26 19 18 3
26 19 18 3
21 19 18 3
21 19 18 3
21 19 18 3
21 19 18 3
29 29 12 4
29 29 12 4
29 29 12 4
29 29 12 4
29 29 12 4
12 12 12 4
12 12 12 4
31 9 9 2
24 9 9 2
20 20 10 2
20 20 10 2
20 20 10 2
20 20 10 2
20 20 10 2
10 10 22 2
10 10 22 2
10 10 22 2
10 10 22 2
10 10 22 2
10 10 22 2
16 16 16 2
16 16 16 2
16 16 16 2
16 16 16 2
13 28 19 2
13 28 19 2
1 1 25 3
1 1 25 3
1 1 25 3
1 1 25 3
1 1 25 3
1 1 25 3
1 1 25 3
26 19 18 3
14 0 0 4
26 19 18 3
21 19 18 3
21 19 18 3
11 11 21 4
11 11 21 4
11 11 21 4
11 11 21 4
29 29 12 4
29 29 12 4
29 29 12 4
12 12 12 4
12 12 12 4
31 9 9 2
24 9 9 2
20 20 10 2
20 20 10 2
20 20 10 2
20 20 10 2
20 20 10 2
10 10 22 2
10 10 22 2
10 10 22 2
10 10 22 2
10 10 22 2
10 10 22 2
16 16 16 2
16 16 16 2
16 16 16 2
16 16 16 2
13 28 19 2
13 28 19 2
1 1 25 3
1 1 25 3
1 1 25 3
1 1 25 3
1 1 25 3
1 1 25 3
1 1 25 3
14 0 0 4
14 0 0 4
14 0 0 4
21 19 18 3
21 19 18 3
21 19 18 3
21 19 18 3
29 29 12 4
29 29 12 4
29 29 12 4
29 29 12 4
29 29 12 4
12 12 12 4
12 12 12 4
31 9 9 2
31 9 9 2
20 20 10 2
20 20 10 2
20 20 10 2
20 20 10 2
20 20 10 2
10 10 22 2
10 10 22 2
10 10 22 2
10 10 22 2
10 10 22 2
10 10 22 2
16 16 16 2
16 16 16 2
16 16 16 2
16 16 16 2
13 28 19 2
13 28 19 2
1 1 25 3
1 1 25 3
1 1 25 3
1 1 25 3
1 1 25 3
1 1 25 3
14 0 0 4
14 0 0 4
14 0 0 4
14 0 0 4
21 19 18 3
21 19 18 3
21 19 18 3
21 19 18 3
29 29 12 4
29 29 12 4
29 29 12 4
29 29 12 4
29 29 12 4
12 12 12 4
12 12 12 4
31 9 9 2
31 9 9 2
27 6 29 0
6 6 29 0
6 6 29 0
20 20 10 2
20 20 10 2
10 10 22 2
10 10 22 2
10 10 22 2
25 13 13 0
25 13 13 0
25 13 13 0
25 13 13 0
25 13 13 0
25 13 13 0
25 13 13 0
13 28 19 2
13 28 19 2
34 18 1 4
34 18 1 4
18 18 1 4
18 18 1 4
18 18 1 4
18 18 1 4
14 0 0 4
14 0 0 4
14 0 0 4
14 0 0 4
14 0 0 4
21 19 18 3
21 19 18 3
21 19 18 3
5 5 5 4
5 5 5 4
5 5 5 4
5 5 5 4
5 5 5 4
5 5 5 4
5 5 5 4
5 5 5 4
27 6 29 0
27 6 29 0
6 6 29 0
6 6 29 0
20 20 10 2
20 20 10 2
10 10 22 2
10 10 22 2
10 10 22 2
25 13 13 0
25 13 13 0
25 13 13 0
25 13 13 0
25 13 13 0
25 13 13 0
25 13 13 0
25 13 13 0
34 18 1 4
34 18 1 4
34 18 1 4
18 18 1 4
18 18 1 4
18 18 1 4
18 18 1 4
14 0 0 4
14 0 0 4
14 0 0 4
14 0 0 4
14 0 0 4
21 19 18 3
21 19 18 3
5 5 5 4
5 5 5 4
5 5 5 4
5 5 5 4
5 5 5 4
5 5 5 4
5 5 5 4
5 5 5 4
32 15 15 0
27 6 29 0
27 6 29 0
6 6 29 0
6 6 29 0
6 6 29 0
6 6 29 0
10 10 22 2
10 10 22 2
23 7 7 0
23 7 7 0
23 7 7 0
23 7 7 0
25 13 13 0
25 13 13 0
25 13 13 0
25 13 13 0
34 18 1 4
34 18 1 4
34 18 1 4
34 18 1 4
18 18 1 4
18 18 1 4
18 18 1 4
18 18 1 4
14 0 0 4
14 0 0 4
14 0 0 4
14 0 0 4
14 0 0 4
21 19 18 3
21 19 18 3
5 5 5 4
5 5 5 4
5 5 5 4
5 5 5 4
5 5 5 4
5 5 5 4
5 5 5 4
5 5 5 4
32 15 15 0
27 6 29 0
27 6 29 0
6 6 29 0
6 6 29 0
6 6 29 0
6 6 29 0
6 6 29 0
10 10 22 2
23 7 7 0
23 7 7 0
23 7 7 0
23 7 7 0
25 13 13 0
25 13 13 0
25 13 13 0
25 13 13 0
34 18 1 4
34 18 1 4
34 18 1 4
34 18 1 4
18 18 1 4
18 18 1 4
18 18 1 4
14 0 0 4
14 0 0 4
14 0 0 4
14 0 0 4
14 0 0 4
14 0 0 4
14 0 0 4
14 0 0 4
5 5 5 4
5 5 5 4
5 5 5 4
5 5 5 4
5 5 5 4
5 5 5 4
5 5 5 4
5 5 5 4
32 15 15 0
27 6 29 0
27 6 29 0
6 6 29 0
6 6 29 0
6 6 29 0
6 6 29 0
6 6 29 0
23 7 7 0
23 7 7 0
23 7 7 0
23 7 7 0
23 7 7 0
25 13 13 0
25 13 13 0
25 13 13 0
25 13 13 0
34 18 1 4
34 18 1 4
34 18 1 4
34 18 1 4
18 18 1 4
18 18 1 4
18 18 1 4
14 0 0 4
14 0 0 4
14 0 0 4
14 0 0 4
14 0 0 4
14 0 0 4
14 0 0 4
14 0 0 4
5 5 5 4
5 5 5 4
5 5 5 4
5 5 5 4
5 5 5 4
5 5 5 4
5 5 5 4
32 15 15 0
32 15 15 0
27 6 29 0
27 6 29 0
6 6 29 0
6 6 29 0
6 6 29 0
6 6 29 0
6 6 29 0
23 7 7 0
23 7 7 0
23 7 7 0
23 7 7 0
23 7 7 0
23 7 7 0
25 13 13 0
25 13 13 0
25 13 13 0
2 2 2 0
2 2 2 0
2 2 2 0
34 18 1 4
18 18 1 4
18 18 1 4
18 18 1 4
14 0 0 4
14 0 0 4
14 0 0 4
14 0 0 4
14 0 0 4
14 0 0 4
30 27 0 4
30 27 0 4
5 5 5 4
5 5 5 4
5 5 5 4
5 5 5 4
5 5 5 4
5 5 5 4
5 5 5 4
32 15 15 0
32 15 15 0
27 6 29 0
27 6 29 0
27 6 29 0
6 6 29 0
6 6 29 0
6 6 29 0
6 6 29 0
23 7 7 0
23 7 7 0
23 7 7 0
23 7 7 0
23 7 7 0
23 7 7 0
25 13 13 0
25 13 13 0
2 2 2 0
2 2 2 0
2 2 2 0
2 2 2 0
34 18 1 4
18 18 1 4
18 18 1 4
22 14 14 1
22 14 14 1
22 14 14 1
14 0 0 4
14 0 0 4
14 0 0 4
14 0 0 4
30 27 0 4
30 27 0 4
8 8 8 4
8 8 8 4
8 8 8 4
8 8 8 4
5 5 5 4
5 5 5 4
32 15 15 0
32 15 15 0
32 15 15 0
32 15 15 0
27 6 29 0
27 6 29 0
6 6 29 0
6 6 29 0
6 6 29 0
23 7 7 0
23 7 7 0
23 7 7 0
23 7 7 0
23 7 7 0
23 7 7 0
23 7 7 0
25 13 13 0
25 13 13 0
2 2 2 0
2 2 2 0
2 2 2 0
2 2 2 0
2 2 2 0
2 2 2 0
2 2 2 0
22 14 14 1
22 14 14 1
22 14 14 1
22 14 14 1
14 0 0 4
14 0 0 4
30 27 0 4
30 27 0 4
30 27 0 4
8 8 8 4
8 8 8 4
8 8 8 4
8 8 8 4
5 5 5 4
5 5 5 4
32 15 15 0
32 15 15 0
32 15 15 0
32 15 15 0
27 6 29 0
27 6 29 0
6 6 29 0
6 6 29 0
6 6 29 0
23 7 7 0
23 7 7 0
23 7 7 0
23 7 7 0
23 7 7 0
23 7 7 0
23 7 7 0
23 7 7 0
2 2 2 0
2 2 2 0
2 2 2 0
2 2 2 0
2 2 2 0
2 2 2 0
2 2 2 0
2 2 2 0
22 14 14 1
22 14 14 1
22 14 14 1
22 14 14 1
22 14 14 1
22 14 14 1
30 27 0 4
30 27 0 4
8 8 8 4
8 8 8 4
8 8 8 4
8 8 8 4
8 8 8 4
8 8 8 4
8 8 8 4
32 15 15 0
32 15 15 0
32 15 15 0
15 15 15 0
15 15 15 0
15 15 15 0
6 6 29 0
6 6 29 0
23 7 7 0
23 7 7 0
23 7 7 0
23 7 7 0
23 7 7 0
23 7 7 0
23 7 7 0
23 7 7 0
23 7 7 0
2 2 2 0
2 2 2 0
2 2 2 0
2 2 2 0
2 2 2 0
2 2 2 0
2 2 2 0
22 14 14 1
22 14 14 1
22 14 14 1
22 14 14 1
22 14 14 1
22 14 14 1
22 14 14 1
30 27 0 4
30 27 0 4
30 27 0 4
30 27 0 4
30 27 0 4
30 27 0 4
8 8 8 4
8 8 8 4
8 8 8 4
9 15 15 0
9 15 15 0
9 15 15 0
15 15 15 0
15 15 15 0
15 15 15 0
15 15 15 0
15 15 15 0
23 7 7 0
23 7 7 0
23 7 7 0
23 7 7 0
23 7 7 0
23 7 7 0
23 7 7 0
23 7 7 0
23 7 7 0
2 2 2 0
2 2 2 0
2 2 2 0
2 2 2 0
2 2 2 0
2 2 2 0
2 2 2 0
22 14 14 1
22 14 14 1
22 14 14 1
22 14 14 1
22 14 14 1
22 14 14 1
22 14 14 1
30 27 0 4
30 27 0 4
30 27 0 4
30 27 0 4
8 8 8 4
8 8 8 4
8 8 8 4
8 8 8 4
9 15 15 0
9 15 15 0
9 15 15 0
9 15 15 0
15 15 15 0
15 15 15 0
15 15 15 0
15 15 15 0
15 15 15 0
23 7 7 0
23 7 7 0
23 7 7 0
23 7 7 0
23 7 7 0
23 7 7 0
23 7 7 0
23 7 7 0
23 7 7 0
2 2 2 0
2 2 2 0
2 2 2 0
2 2 2 0
2 2 2 0
2 2 2 0
2 2 2 0
22 14 14 1
22 14 14 1
22 14 14 1
22 14 14 1
22 14 14 1
22 14 14 1
22 14 14 1
30 27 0 4
30 27 0 4
30 27 0 4
30 27 0 4
8 8 8 4
8 8 8 4
8 8 8 4
8 8 8 4
9 15 15 0
9 15 15 0
9 15 15 0
9 15 15 0
15 15 15 0
15 15 15 0
15 15 15 0
15 15 15 0
23 7 7 0
23 7 7 0
23 7 7 0
23 7 7 0
23 7 7 0
23 7 7 0
23 7 7 0
23 7 7 0
23 7 7 0
23 7 7 0
23 7 7 0
2 2 2 0
2 2 2 0
2 2 2 0
2 2 2 0
2 2 2 0
2 2 2 0
22 14 14 1
22 14 14 1
22 14 14 1
22 14 14 1
22 14 14 1
