17 17 17 2
21 19 11 2
21 19 11 2
21 19 11 2
21 19 11 2
19 34 28 2
19 34 28 2
19 34 28 2
19 34 28 2
19 34 28 2
4 4 4 3
4 4 4 3
4 4 4 3
4 4 4 3
4 4 4 3
24 9 9 3
0 3 3 3
0 3 3 3
0 3 3 3
0 3 3 3
0 3 3 3
0 3 3 3
0 3 3 3
3 3 3 3
3 3 3 3
3 3 3 3
16 16 16 2
16 16 16 2
16 16 16 2
16 16 16 2
16 16 16 2
13 28 19 2
28 17 17 2
28 17 17 2
28 17 17 2
28 17 17 2
28 17 17 2
17 17 17 2
17 17 17 2
17 17 17 2
17 17 17 2
21 19 11 2
21 19 11 2
21 19 11 2
21 19 11 2
19 34 28 2
19 34 28 2
19 34 28 2
19 34 28 2
19 34 28 2
4 4 4 3
4 4 4 3
4 4 4 3
4 4 4 3
4 4 4 3
24 9 9 3
24 9 9 3
20 20 10 3
20 20 10 3
3 3 3 3
3 3 3 3
3 3 3 3
3 3 3 3
3 3 3 3
3 3 3 3
3 3 3 3
16 16 16 2
16 16 16 2
16 16 16 2
16 16 16 2
16 16 16 2
13 28 19 2
13 28 19 2
28 17 17 2
28 17 17 2
28 17 17 2
28 17 17 2
17 17 17 2
17 17 17 2
17 17 17 2
17 17 17 2
21 19 11 2
21 19 11 2
21 19 11 2
21 19 11 2
19 34 28 2
19 34 28 2
19 34 28 2
19 34 28 2
19 34 28 2
33 30 4 3
33 30 4 3
4 4 4 3
4 4 4 3
24 9 9 3
24 9 9 3
24 9 9 3
20 20 10 3
20 20 10 3
20 20 10 3
20 20 10 3
3 3 3 3
3 3 3 3
3 3 3 3
3 3 3 3
16 16 16 2
16 16 16 2
16 16 16 2
16 16 16 2
16 16 16 2
16 16 16 2
13 28 19 2
13 28 19 2
28 17 17 2
28 17 17 2
28 17 17 2
28 17 17 2
17 17 17 2
17 17 17 2
17 17 17 2
26 19 11 2
26 19 11 2
26 19 11 2
21 19 11 2
21 19 11 2
7 33 28 2
7 33 28 2
7 33 28 2
7 33 28 2
7 33 28 2
33 30 4 3
33 30 4 3
33 30 4 3
31 9 9 3
24 9 9 3
24 9 9 3
24 9 9 3
20 20 10 3
20 20 10 3
20 20 10 3
20 20 10 3
20 20 10 3
3 3 3 3
3 3 3 3
3 3 3 3
16 16 16 2
16 16 16 2
16 16 16 2
16 16 16 2
16 16 16 2
16 16 16 2
13 28 19 2
13 28 19 2
28 17 17 2
28 17 17 2
28 17 17 2
28 17 17 2
17 17 17 2
17 17 17 2
26 19 11 2
21 19 11 2
21 19 11 2
21 19 11 2
21 19 11 2
21 19 11 2
35 33 28 2
35 33 28 2
7 33 28 2
7 33 28 2
7 33 28 2
33 30 4 3
33 30 4 3
31 9 9 3
31 9 9 3
24 9 9 3
24 9 9 3
24 9 9 3
20 20 10 3
20 20 10 3
20 20 10 3
20 20 10 3
20 20 10 3
10 10 10 3
10 10 10 3
10 10 10 3
16 16 16 2
16 16 16 2
16 16 16 2
16 16 16 2
16 16 16 2
13 28 19 2
13 28 19 2
13 28 19 2
13 28 19 2
28 17 17 2
28 17 17 2
28 17 17 2
17 17 17 2
17 17 17 2
17 17 17 2
21 19 11 2
21 19 11 2
21 19 11 2
21 19 11 2
21 19 11 2
35 33 28 2
35 33 28 2
35 33 28 2
35 33 28 2
29 29 12 3
12 12 12 3
12 12 12 3
31 9 9 3
31 9 9 3
24 9 9 3
24 9 9 3
24 9 9 3
20 20 10 3
20 20 10 3
20 20 10 3
20 20 10 3
20 20 10 3
10 10 10 3
10 10 10 3
10 10 10 3
16 16 16 2
16 16 16 2
16 16 16 2
16 16 16 2
16 16 16 2
13 28 19 2
13 28 19 2
13 28 19 2
13 28 19 2
1 1 25 2
28 17 17 2
28 17 17 2
17 17 17 2
17 17 17 2
17 17 17 2
21 19 11 2
21 19 11 2
21 19 11 2
21 19 11 2
21 19 11 2
35 33 28 2
35 33 28 2
35 33 28 2
29 29 12 3
29 29 12 3
12 12 12 3
12 12 12 3
12 12 12 3
31 9 9 3
24 9 9 3
24 9 9 3
20 20 10 3
20 20 10 3
20 20 10 3
20 20 10 3
10 10 10 3
10 10 10 3
10 10 10 3
10 10 10 3
10 10 10 3
10 10 10 3
25 13 13 4
16 16 16 2
16 16 16 2
13 28 19 2
13 28 19 2
13 28 19 2
13 28 19 2
13 28 19 2
1 1 25 2
1 1 25 2
28 17 17 2
17 17 17 2
17 17 17 2
17 17 17 2
21 19 11 2
21 19 11 2
21 19 11 2
21 19 11 2
11 11 21 2
11 11 21 2
35 33 28 2
35 33 28 2
29 29 12 3
29 29 12 3
29 29 12 3
12 12 12 3
12 12 12 3
31 9 9 3
24 9 9 3
24 9 9 3
20 20 10 3
20 20 10 3
20 20 10 3
20 20 10 3
20 20 10 3
20 20 10 3
10 10 10 3
10 10 10 3
10 10 10 3
25 13 13 4
25 13 13 4
16 16 16 2
16 16 16 2
13 28 19 2
13 28 19 2
13 28 19 2
13 28 19 2
1 1 25 2
1 1 25 2
1 1 25 2
28 17 17 2
17 17 17 2
17 17 17 2
17 17 17 2
21 19 11 2
21 19 11 2
21 19 11 2
21 19 11 2
11 11 21 2
11 11 21 2
11 11 21 2
29 29 12 3
29 29 12 3
29 29 12 3
29 29 12 3
12 12 12 3
12 12 12 3
31 9 9 3
24 9 9 3
20 20 10 3
20 20 10 3
20 20 10 3
20 20 10 3
20 20 10 3
20 20 10 3
20 20 10 3
10 10 10 3
10 10 10 3
10 10 10 3
25 13 13 4
25 13 13 4
25 13 13 4
16 16 16 2
13 28 19 2
13 28 19 2
13 28 19 2
1 1 25 2
1 1 25 2
1 1 25 2
1 1 25 2
1 1 25 2
17 17 17 2
17 17 17 2
17 17 17 2
21 19 11 2
21 19 11 2
21 19 11 2
21 19 11 2
11 11 21 2
11 11 21 2
11 11 21 2
11 11 21 2
29 29 12 3
29 29 12 3
29 29 12 3
12 12 12 3
12 12 12 3
31 9 9 3
24 9 9 3
20 20 10 3
20 20 10 3
20 20 10 3
20 20 10 3
20 20 10 3
20 20 10 3
20 20 10 3
10 10 10 3
10 10 10 3
25 13 13 4
25 13 13 4
25 13 13 4
25 13 13 4
25 13 13 4
13 28 19 2
13 28 19 2
13 28 19 2
1 1 25 2
1 1 25 2
1 1 25 2
1 1 25 2
1 1 25 2
17 17 17 2
17 17 17 2
17 17 17 2
21 19 11 2
21 19 11 2
21 19 11 2
21 19 11 2
11 11 21 2
11 11 21 2
11 11 21 2
11 11 21 2
29 29 12 3
29 29 12 3
29 29 12 3
12 12 12 3
12 12 12 3
31 9 9 3
24 9 9 3
20 20 10 3
20 20 10 3
20 20 10 3
20 20 10 3
20 20 10 3
20 20 10 3
20 20 10 3
10 10 10 3
10 10 10 3
25 13 13 4
25 13 13 4
25 13 13 4
25 13 13 4
25 13 13 4
25 13 13 4
13 28 19 2
13 28 19 2
1 1 25 2
1 1 25 2
1 1 25 2
1 1 25 2
1 1 25 2
17 17 17 2
22 14 14 0
22 14 14 0
22 14 14 0
21 19 11 2
21 19 11 2
21 19 11 2
11 11 21 2
11 11 21 2
11 11 21 2
11 11 21 2
29 29 12 3
29 29 12 3
29 29 12 3
12 12 12 3
12 12 12 3
31 9 9 3
27 6 29 4
27 6 29 4
6 6 29 4
6 6 29 4
20 20 10 3
20 20 10 3
20 20 10 3
20 20 10 3
23 7 7 4
23 7 7 4
25 13 13 4
25 13 13 4
25 13 13 4
25 13 13 4
25 13 13 4
25 13 13 4
25 13 13 4
13 28 19 2
34 18 1 2
34 18 1 2
18 18 1 2
18 18 1 2
18 18 1 2
18 18 1 2
22 14 14 0
22 14 14 0
22 14 14 0
21 19 11 2
21 19 11 2
21 19 11 2
11 11 21 2
11 11 21 2
11 11 21 2
11 11 21 2
5 5 5 4
5 5 5 4
5 5 5 4
5 5 5 4
5 5 5 4
27 6 29 4
27 6 29 4
27 6 29 4
6 6 29 4
6 6 29 4
20 20 10 3
20 20 10 3
20 20 10 3
20 20 10 3
23 7 7 4
23 7 7 4
25 13 13 4
25 13 13 4
25 13 13 4
25 13 13 4
25 13 13 4
25 13 13 4
25 13 13 4
34 18 1 2
34 18 1 2
34 18 1 2
18 18 1 2
18 18 1 2
18 18 1 2
18 18 1 2
22 14 14 0
22 14 14 0
22 14 14 0
21 19 11 2
21 19 11 2
21 19 11 2
11 11 21 2
11 11 21 2
11 11 21 2
5 5 5 4
5 5 5 4
5 5 5 4
5 5 5 4
5 5 5 4
5 5 5 4
27 6 29 4
27 6 29 4
27 6 29 4
6 6 29 4
6 6 29 4
6 6 29 4
6 6 29 4
6 6 29 4
23 7 7 4
23 7 7 4
23 7 7 4
25 13 13 4
25 13 13 4
25 13 13 4
25 13 13 4
25 13 13 4
25 13 13 4
34 18 1 2
34 18 1 2
34 18 1 2
34 18 1 2
18 18 1 2
18 18 1 2
18 18 1 2
18 18 1 2
22 14 14 0
22 14 14 0
22 14 14 0
21 19 11 2
21 19 11 2
21 19 11 2
11 11 21 2
11 11 21 2
5 5 5 4
5 5 5 4
5 5 5 4
5 5 5 4
5 5 5 4
5 5 5 4
5 5 5 4
32 15 15 1
27 6 29 4
27 6 29 4
6 6 29 4
6 6 29 4
6 6 29 4
6 6 29 4
6 6 29 4
23 7 7 4
23 7 7 4
23 7 7 4
25 13 13 4
25 13 13 4
25 13 13 4
25 13 13 4
25 13 13 4
34 18 1 2
34 18 1 2
34 18 1 2
34 18 1 2
34 18 1 2
18 18 1 2
18 18 1 2
18 18 1 2
22 14 14 0
22 14 14 0
22 14 14 0
14 0 0 0
14 0 0 0
14 0 0 0
14 0 0 0
11 11 21 2
11 11 21 2
5 5 5 4
5 5 5 4
5 5 5 4
5 5 5 4
5 5 5 4
5 5 5 4
5 5 5 4
32 15 15 1
27 6 29 4
27 6 29 4
6 6 29 4
6 6 29 4
6 6 29 4
6 6 29 4
6 6 29 4
23 7 7 4
23 7 7 4
23 7 7 4
23 7 7 4
25 13 13 4
25 13 13 4
25 13 13 4
25 13 13 4
34 18 1 2
34 18 1 2
34 18 1 2
34 18 1 2
34 18 1 2
18 18 1 2
18 18 1 2
18 18 1 2
22 14 14 0
22 14 14 0
14 0 0 0
22 14 14 0
22 14 14 0
14 0 0 0
14 0 0 0
30 8 8 0
30 8 8 0
8 8 8 0
5 5 5 4
5 5 5 4
5 5 5 4
5 5 5 4
5 5 5 4
32 15 15 1
32 15 15 1
27 6 29 4
27 6 29 4
6 6 29 4
6 6 29 4
6 6 29 4
6 6 29 4
6 6 29 4
23 7 7 4
23 7 7 4
23 7 7 4
23 7 7 4
25 13 13 4
25 13 13 4
25 13 13 4
25 13 13 4
2 2 2 0
2 2 2 0
2 2 2 0
2 2 2 0
34 18 1 2
18 18 1 2
18 18 1 2
22 14 14 0
22 14 14 0
22 14 14 0
22 14 14 0
22 14 14 0
22 14 14 0
30 8 8 0
30 8 8 0
30 8 8 0
30 8 8 0
8 8 8 0
8 8 8 0
5 5 5 4
5 5 5 4
5 5 5 4
32 15 15 1
32 15 15 1
32 15 15 1
27 6 29 4
27 6 29 4
27 6 29 4
6 6 29 4
6 6 29 4
6 6 29 4
6 6 29 4
23 7 7 4
23 7 7 4
23 7 7 4
23 7 7 4
23 7 7 4
25 13 13 4
25 13 13 4
25 13 13 4
2 2 2 0
2 2 2 0
2 2 2 0
2 2 2 0
34 18 1 2
18 18 1 2
18 18 1 2
22 14 14 0
22 14 14 0
22 14 14 0
22 14 14 0
22 14 14 0
22 14 14 0
30 8 8 0
30 8 8 0
30 8 8 0
30 8 8 0
8 8 8 0
8 8 8 0
8 8 8 0
5 5 5 4
5 5 5 4
32 15 15 1
32 15 15 1
32 15 15 1
27 6 29 4
27 6 29 4
27 6 29 4
6 6 29 4
6 6 29 4
6 6 29 4
6 6 29 4
23 7 7 4
23 7 7 4
23 7 7 4
23 7 7 4
23 7 7 4
25 13 13 4
25 13 13 4
2 2 2 0
2 2 2 0
2 2 2 0
2 2 2 0
2 2 2 0
2 2 2 0
2 2 2 0
2 2 2 0
22 14 14 0
22 14 14 0
22 14 14 0
22 14 14 0
22 14 14 0
22 14 14 0
30 8 8 0
30 8 8 0
30 8 8 0
30 8 8 0
8 8 8 0
8 8 8 0
8 8 8 0
8 8 8 0
32 15 15 1
32 15 15 1
32 15 15 1
32 15 15 1
32 15 15 1
27 6 29 4
27 6 29 4
6 6 29 4
6 6 29 4
6 6 29 4
23 7 7 4
23 7 7 4
23 7 7 4
23 7 7 4
23 7 7 4
23 7 7 4
23 7 7 4
23 7 7 4
2 2 2 0
2 2 2 0
2 2 2 0
2 2 2 0
2 2 2 0
2 2 2 0
2 2 2 0
2 2 2 0
22 14 14 0
22 14 14 0
22 14 14 0
22 14 14 0
22 14 14 0
22 14 14 0
30 8 8 0
30 8 8 0
30 8 8 0
30 8 8 0
8 8 8 0
8 8 8 0
8 8 8 0
8 8 8 0
8 8 8 0
32 15 15 1
32 15 15 1
32 15 15 1
15 15 15 1
15 15 15 1
15 15 15 1
6 6 29 4
6 6 29 4
6 6 29 4
23 7 7 4
23 7 7 4
23 7 7 4
23 7 7 4
23 7 7 4
23 7 7 4
23 7 7 4
23 7 7 4
2 2 2 0
2 2 2 0
2 2 2 0
2 2 2 0
2 2 2 0
2 2 2 0
2 2 2 0
22 14 14 0
22 14 14 0
22 14 14 0
22 14 14 0
22 14 14 0
22 14 14 0
22 14 14 0
30 8 8 0
30 8 8 0
30 8 8 0
30 8 8 0
30 8 8 0
8 8 8 0
8 8 8 0
8 8 8 0
8 8 8 0
9 15 15 1
9 15 15 1
9 15 15 1
15 15 15 1
15 15 15 1
15 15 15 1
6 6 29 4
6 6 29 4
6 6 29 4
23 7 7 4
23 7 7 4
23 7 7 4
23 7 7 4
23 7 7 4
23 7 7 4
23 7 7 4
23 7 7 4
23 7 7 4
2 2 2 0
2 2 2 0
2 2 2 0
2 2 2 0
2 2 2 0
2 2 2 0
22 14 14 0
22 14 14 0
22 14 14 0
22 14 14 0
22 14 14 0
22 14 14 0
22 14 14 0
30 8 8 0
30 8 8 0
30 8 8 0
30 8 8 0
30 8 8 0
8 8 8 0
8 8 8 0
8 8 8 0
9 15 15 1
9 15 15 1
9 15 15 1
9 15 15 1
15 15 15 1
15 15 15 1
15 15 15 1
6 6 29 4
6 6 29 4
23 7 7 4
23 7 7 4
23 7 7 4
23 7 7 4
23 7 7 4
23 7 7 4
23 7 7 4
23 7 7 4
23 7 7 4
23 7 7 4
2 2 2 0
2 2 2 0
2 2 2 0
2 2 2 0
2 2 2 0
2 2 2 0
22 14 14 0
22 14 14 0
22 14 14 0
22 14 14 0
22 14 14 0
22 14 14 0
22 14 14 0
30 8 8 0
30 8 8 0
30 8 8 0
30 8 8 0
30 8 8 0
8 8 8 0
8 8 8 0
8 8 8 0
9 15 15 1
9 15 15 1
9 15 15 1
9 15 15 1
15 15 15 1
15 15 15 1
15 15 15 1
6 6 29 4
6 6 29 4
23 7 7 4
23 7 7 4
23 7 7 4
23 7 7 4
23 7 7 4
23 7 7 4
23 7 7 4
23 7 7 4
23 7 7 4
23 7 7 4
2 2 2 0
2 2 2 0
2 2 2 0
2 2 2 0
2 2 2 0
2 2 2 0
22 14 14 0
22 14 14 0
22 14 14 0
22 14 14 0
22 14 14 0
