17 17 17 2
21 19 11 2
21 19 11 2
21 19 11 2
21 19 11 2
19 25 4 2
19 25 4 2
19 25 4 2
19 25 4 2
19 25 4 2
29 4 4 2
29 4 4 2
4 4 4 2
4 4 4 2
4 4 4 2
24 9 9 2
24 9 9 2
20 20 10 4
20 20 10 4
20 20 10 4
20 20 10 4
3 3 3 4
3 3 3 4
3 3 3 4
3 3 3 4
3 3 3 4
16 16 16 2
16 16 16 2
16 16 16 2
16 16 16 2
16 16 16 2
13 23 20 2
13 23 20 2
17 17 17 2
17 17 17 2
17 17 17 2
17 17 17 2
17 17 17 2
17 17 17 2
17 17 17 2
17 17 17 2
21 19 11 2
21 19 11 2
21 19 11 2
21 19 11 2
19 25 4 2
19 25 4 2
19 25 4 2
19 25 4 2
19 25 4 2
29 4 4 2
29 4 4 2
4 4 4 2
4 4 4 2
4 4 4 2
24 9 9 2
24 9 9 2
20 20 10 4
20 20 10 4
3 3 3 4
3 3 3 4
3 3 3 4
3 3 3 4
3 3 3 4
3 3 3 4
3 3 3 4
16 16 16 2
16 16 16 2
16 16 16 2
16 16 16 2
16 16 16 2
13 23 20 2
13 23 20 2
17 17 17 2
17 17 17 2
17 17 17 2
17 17 17 2
17 17 17 2
17 17 17 2
17 17 17 2
17 17 17 2
21 19 11 2
21 19 11 2
21 19 11 2
21 19 11 2
19 25 4 2
19 25 4 2
19 25 4 2
19 25 4 2
19 25 4 2
29 4 4 2
29 4 4 2
4 4 4 2
4 4 4 2
24 9 9 2
24 9 9 2
24 9 9 2
20 20 10 4
20 20 10 4
20 20 10 4
20 20 10 4
3 3 3 4
3 3 3 4
3 3 3 4
3 3 3 4
16 16 16 2
16 16 16 2
16 16 16 2
16 16 16 2
16 16 16 2
16 16 16 2
13 23 20 2
13 23 20 2
17 17 17 2
17 17 17 2
17 17 17 2
17 17 17 2
17 17 17 2
17 17 17 2
17 17 17 2
17 17 17 2
21 19 11 2
21 19 11 2
21 19 11 2
21 19 11 2
21 19 11 2
19 25 4 2
19 25 4 2
19 25 4 2
15 12 12 2
15 12 12 2
29 4 4 2
4 4 4 2
24 9 9 2
24 9 9 2
24 9 9 2
24 9 9 2
7 20 10 4
20 20 10 4
20 20 10 4
20 20 10 4
20 20 10 4
3 3 3 4
3 3 3 4
3 3 3 4
16 16 16 2
16 16 16 2
16 16 16 2
16 16 16 2
16 16 16 2
16 16 16 2
13 23 20 2
13 23 20 2
13 23 20 2
17 17 17 2
17 17 17 2
17 17 17 2
17 17 17 2
17 17 17 2
17 17 17 2
21 19 11 2
21 19 11 2
21 19 11 2
21 19 11 2
21 19 11 2
21 19 11 2
19 25 4 2
19 25 4 2
19 25 4 2
15 12 12 2
15 12 12 2
12 12 12 2
24 9 9 2
24 9 9 2
24 9 9 2
24 9 9 2
24 9 9 2
7 20 10 4
20 20 10 4
20 20 10 4
20 20 10 4
20 20 10 4
3 3 3 4
3 3 3 4
3 3 3 4
16 16 16 2
16 16 16 2
16 16 16 2
16 16 16 2
16 16 16 2
13 23 20 2
13 23 20 2
13 23 20 2
13 23 20 2
1 1 20 2
17 17 17 2
17 17 17 2
17 17 17 2
17 17 17 2
17 17 17 2
21 19 11 2
21 19 11 2
21 19 11 2
21 19 11 2
21 19 11 2
11 11 19 2
19 25 4 2
19 25 4 2
15 12 12 2
15 12 12 2
15 12 12 2
12 12 12 2
12 12 12 2
24 9 9 2
24 9 9 2
24 9 9 2
7 20 10 4
7 20 10 4
20 20 10 4
20 20 10 4
20 20 10 4
20 20 10 4
3 3 3 4
3 3 3 4
28 13 13 4
28 13 13 4
16 16 16 2
16 16 16 2
16 16 16 2
16 16 16 2
13 23 20 2
13 23 20 2
13 23 20 2
13 23 20 2
1 1 20 2
1 1 20 2
17 17 17 2
17 17 17 2
17 17 17 2
17 17 17 2
21 19 11 2
21 19 11 2
21 19 11 2
21 19 11 2
21 19 11 2
11 11 19 2
11 11 19 2
19 25 4 2
15 12 12 2
15 12 12 2
15 12 12 2
12 12 12 2
12 12 12 2
12 12 12 2
24 9 9 2
24 9 9 2
7 20 10 4
7 20 10 4
20 20 10 4
20 20 10 4
20 20 10 4
20 20 10 4
20 20 10 4
3 3 3 4
28 13 13 4
28 13 13 4
28 13 13 4
16 16 16 2
16 16 16 2
13 23 20 2
13 23 20 2
13 23 20 2
13 23 20 2
13 23 20 2
1 1 20 2
1 1 20 2
17 17 17 2
17 17 17 2
17 17 17 2
17 17 17 2
21 19 11 2
21 19 11 2
21 19 11 2
21 19 11 2
11 11 19 2
11 11 19 2
11 11 19 2
11 11 19 2
15 12 12 2
15 12 12 2
15 12 12 2
12 12 12 2
12 12 12 2
12 12 12 2
24 9 9 2
7 20 10 4
7 20 10 4
7 20 10 4
20 20 10 4
20 20 10 4
20 20 10 4
20 20 10 4
20 20 10 4
28 13 13 4
28 13 13 4
28 13 13 4
28 13 13 4
16 16 16 2
16 16 16 2
13 23 20 2
13 23 20 2
13 23 20 2
13 23 20 2
1 1 20 2
1 1 20 2
1 1 20 2
1 1 20 2
17 17 17 2
17 17 17 2
17 17 17 2
21 19 11 2
21 19 11 2
21 19 11 2
21 19 11 2
11 11 19 2
11 11 19 2
11 11 19 2
11 11 19 2
10 21 18 2
10 21 18 2
15 12 12 2
12 12 12 2
12 12 12 2
12 12 12 2
24 9 9 2
7 20 10 4
7 20 10 4
7 20 10 4
20 20 10 4
20 20 10 4
20 20 10 4
20 20 10 4
28 13 13 4
28 13 13 4
28 13 13 4
28 13 13 4
25 13 13 4
25 13 13 4
16 16 16 2
13 23 20 2
13 23 20 2
13 23 20 2
1 1 20 2
1 1 20 2
1 1 20 2
1 1 20 2
1 1 20 2
17 17 17 2
17 17 17 2
17 17 17 2
21 19 11 2
21 19 11 2
21 19 11 2
21 19 11 2
11 11 19 2
11 11 19 2
11 11 19 2
11 11 19 2
10 21 18 2
10 21 18 2
10 21 18 2
12 12 12 2
12 12 12 2
12 12 12 2
7 20 10 4
7 20 10 4
7 20 10 4
7 20 10 4
20 20 10 4
20 20 10 4
20 20 10 4
20 20 10 4
28 13 13 4
28 13 13 4
28 13 13 4
28 13 13 4
25 13 13 4
25 13 13 4
25 13 13 4
13 23 20 2
13 23 20 2
13 23 20 2
1 1 20 2
1 1 20 2
1 1 20 2
1 1 20 2
1 1 20 2
17 17 17 2
17 17 17 2
17 17 17 2
21 19 11 2
21 19 11 2
21 19 11 2
21 19 11 2
11 11 19 2
11 11 19 2
11 11 19 2
11 11 19 2
10 21 18 2
10 21 18 2
10 21 18 2
10 21 18 2
10 21 18 2
10 21 18 2
7 20 10 4
7 20 10 4
7 20 10 4
7 20 10 4
20 20 10 4
20 20 10 4
20 20 10 4
20 20 10 4
28 13 13 4
28 13 13 4
28 13 13 4
28 13 13 4
25 13 13 4
25 13 13 4
25 13 13 4
25 13 13 4
13 23 20 2
13 23 20 2
1 1 20 2
1 1 20 2
1 1 20 2
1 1 20 2
1 1 20 2
17 17 17 2
22 14 14 0
22 14 14 0
22 14 14 0
21 19 11 2
21 19 11 2
21 19 11 2
11 11 19 2
11 11 19 2
11 11 19 2
10 21 18 2
10 21 18 2
10 21 18 2
10 21 18 2
10 21 18 2
10 21 18 2
10 21 18 2
32 6 6 3
32 6 6 3
32 6 6 3
7 20 10 4
20 20 10 4
20 20 10 4
20 20 10 4
28 13 13 4
28 13 13 4
28 13 13 4
28 13 13 4
28 13 13 4
25 13 13 4
25 13 13 4
25 13 13 4
25 13 13 4
25 13 13 4
13 23 20 2
33 18 1 2
33 18 1 2
18 18 1 2
18 18 1 2
18 18 1 2
0 14 14 0
22 14 14 0
22 14 14 0
22 14 14 0
21 19 11 2
21 19 11 2
21 19 11 2
11 11 19 2
11 11 19 2
11 11 19 2
30 5 5 3
30 5 5 3
10 21 18 2
10 21 18 2
10 21 18 2
10 21 18 2
32 6 6 3
32 6 6 3
32 6 6 3
32 6 6 3
6 6 6 3
20 20 10 4
20 20 10 4
20 20 10 4
28 13 13 4
28 13 13 4
28 13 13 4
28 13 13 4
28 13 13 4
25 13 13 4
25 13 13 4
25 13 13 4
25 13 13 4
25 13 13 4
33 18 1 2
33 18 1 2
33 18 1 2
18 18 1 2
18 18 1 2
18 18 1 2
0 14 14 0
22 14 14 0
22 14 14 0
22 14 14 0
26 0 0 2
26 0 0 2
26 0 0 2
11 11 19 2
11 11 19 2
30 5 5 3
30 5 5 3
30 5 5 3
5 5 5 3
5 5 5 3
5 5 5 3
32 6 6 3
32 6 6 3
32 6 6 3
32 6 6 3
32 6 6 3
6 6 6 3
20 20 10 4
20 20 10 4
20 20 10 4
28 13 13 4
28 13 13 4
28 13 13 4
28 13 13 4
28 13 13 4
25 13 13 4
25 13 13 4
25 13 13 4
25 13 13 4
33 18 1 2
33 18 1 2
33 18 1 2
33 18 1 2
18 18 1 2
18 18 1 2
18 18 1 2
0 14 14 0
22 14 14 0
22 14 14 0
26 0 0 2
26 0 0 2
26 0 0 2
26 0 0 2
26 0 0 2
11 11 19 2
30 5 5 3
30 5 5 3
30 5 5 3
5 5 5 3
5 5 5 3
5 5 5 3
5 5 5 3
32 6 6 3
32 6 6 3
32 6 6 3
32 6 6 3
6 6 6 3
6 6 6 3
6 6 6 3
6 6 6 3
23 7 7 4
23 7 7 4
23 7 7 4
28 13 13 4
28 13 13 4
25 13 13 4
25 13 13 4
25 13 13 4
33 18 1 2
33 18 1 2
33 18 1 2
33 18 1 2
33 18 1 2
18 18 1 2
18 18 1 2
18 18 1 2
0 14 14 0
22 14 14 0
26 0 0 2
14 0 0 2
14 0 0 2
14 0 0 2
26 0 0 2
26 0 0 2
11 11 19 2
30 5 5 3
30 5 5 3
30 5 5 3
5 5 5 3
5 5 5 3
5 5 5 3
5 5 5 3
27 6 6 3
27 6 6 3
27 6 6 3
32 6 6 3
6 6 6 3
6 6 6 3
6 6 6 3
6 6 6 3
23 7 7 4
23 7 7 4
23 7 7 4
28 13 13 4
28 13 13 4
25 13 13 4
25 13 13 4
25 13 13 4
33 18 1 2
33 18 1 2
33 18 1 2
33 18 1 2
33 18 1 2
18 18 1 2
18 18 1 2
0 14 14 0
0 14 14 0
22 14 14 0
14 0 0 2
22 14 14 0
22 14 14 0
26 0 0 2
26 0 0 2
31 8 8 0
31 8 8 0
30 5 5 3
30 5 5 3
30 5 5 3
5 5 5 3
5 5 5 3
5 5 5 3
27 6 6 3
27 6 6 3
27 6 6 3
27 6 6 3
6 6 6 3
6 6 6 3
6 6 6 3
6 6 6 3
6 6 6 3
23 7 7 4
23 7 7 4
23 7 7 4
23 7 7 4
28 13 13 4
25 13 13 4
25 13 13 4
25 13 13 4
2 2 2 0
2 2 2 0
2 2 2 0
2 2 2 0
33 18 1 2
18 18 1 2
18 18 1 2
0 14 14 0
0 14 14 0
22 14 14 0
22 14 14 0
22 14 14 0
22 14 14 0
26 0 0 2
26 0 0 2
31 8 8 0
31 8 8 0
8 8 8 0
8 8 8 0
30 5 5 3
5 5 5 3
5 5 5 3
5 5 5 3
27 6 6 3
27 6 6 3
27 6 6 3
27 6 6 3
27 6 6 3
6 6 6 3
6 6 6 3
6 6 6 3
6 6 6 3
23 7 7 4
23 7 7 4
23 7 7 4
23 7 7 4
28 13 13 4
25 13 13 4
25 13 13 4
25 13 13 4
2 2 2 0
2 2 2 0
2 2 2 0
2 2 2 0
33 18 1 2
18 18 1 2
0 14 14 0
0 14 14 0
0 14 14 0
22 14 14 0
22 14 14 0
22 14 14 0
22 14 14 0
31 8 8 0
31 8 8 0
31 8 8 0
31 8 8 0
8 8 8 0
8 8 8 0
8 8 8 0
5 5 5 3
5 5 5 3
5 5 5 3
27 6 6 3
27 6 6 3
27 6 6 3
27 6 6 3
27 6 6 3
6 6 6 3
6 6 6 3
6 6 6 3
6 6 6 3
23 7 7 4
23 7 7 4
23 7 7 4
23 7 7 4
23 7 7 4
25 13 13 4
25 13 13 4
2 2 2 0
2 2 2 0
2 2 2 0
2 2 2 0
2 2 2 0
2 2 2 0
2 2 2 0
0 14 14 0
0 14 14 0
0 14 14 0
22 14 14 0
22 14 14 0
22 14 14 0
22 14 14 0
31 8 8 0
31 8 8 0
31 8 8 0
31 8 8 0
8 8 8 0
8 8 8 0
8 8 8 0
8 8 8 0
8 8 8 0
9 15 15 4
9 15 15 4
9 15 15 4
27 6 6 3
27 6 6 3
27 6 6 3
6 6 6 3
6 6 6 3
6 6 6 3
6 6 6 3
23 7 7 4
23 7 7 4
23 7 7 4
23 7 7 4
23 7 7 4
23 7 7 4
23 7 7 4
2 2 2 0
2 2 2 0
2 2 2 0
2 2 2 0
2 2 2 0
2 2 2 0
2 2 2 0
0 14 14 0
0 14 14 0
0 14 14 0
22 14 14 0
22 14 14 0
22 14 14 0
22 14 14 0
31 8 8 0
31 8 8 0
31 8 8 0
31 8 8 0
8 8 8 0
8 8 8 0
8 8 8 0
8 8 8 0
8 8 8 0
9 15 15 4
9 15 15 4
9 15 15 4
9 15 15 4
27 6 6 3
27 6 6 3
6 6 6 3
6 6 6 3
6 6 6 3
23 7 7 4
23 7 7 4
23 7 7 4
23 7 7 4
23 7 7 4
23 7 7 4
23 7 7 4
23 7 7 4
2 2 2 0
2 2 2 0
2 2 2 0
2 2 2 0
2 2 2 0
2 2 2 0
2 2 2 0
0 14 14 0
0 14 14 0
0 14 14 0
22 14 14 0
22 14 14 0
22 14 14 0
22 14 14 0
31 8 8 0
31 8 8 0
31 8 8 0
31 8 8 0
31 8 8 0
8 8 8 0
8 8 8 0
8 8 8 0
8 8 8 0
9 15 15 4
9 15 15 4
9 15 15 4
9 15 15 4
27 6 6 3
27 6 6 3
6 6 6 3
6 6 6 3
6 6 6 3
23 7 7 4
23 7 7 4
23 7 7 4
23 7 7 4
23 7 7 4
23 7 7 4
23 7 7 4
23 7 7 4
23 7 7 4
2 2 2 0
2 2 2 0
2 2 2 0
2 2 2 0
2 2 2 0
2 2 2 0
0 14 14 0
0 14 14 0
0 14 14 0
22 14 14 0
22 14 14 0
22 14 14 0
22 14 14 0
31 8 8 0
31 8 8 0
31 8 8 0
31 8 8 0
31 8 8 0
8 8 8 0
8 8 8 0
8 8 8 0
9 15 15 4
9 15 15 4
9 15 15 4
9 15 15 4
9 15 15 4
9 15 15 4
9 15 15 4
6 6 6 3
6 6 6 3
6 6 6 3
23 7 7 4
23 7 7 4
23 7 7 4
23 7 7 4
23 7 7 4
23 7 7 4
23 7 7 4
23 7 7 4
23 7 7 4
2 2 2 0
2 2 2 0
2 2 2 0
2 2 2 0
2 2 2 0
2 2 2 0
0 14 14 0
0 14 14 0
0 14 14 0
22 14 14 0
22 14 14 0
22 14 14 0
22 14 14 0
31 8 8 0
31 8 8 0
31 8 8 0
31 8 8 0
31 8 8 0
8 8 8 0
8 8 8 0
8 8 8 0
9 15 15 4
9 15 15 4
9 15 15 4
9 15 15 4
9 15 15 4
9 15 15 4
9 15 15 4
6 6 6 3
6 6 6 3
6 6 6 3
23 7 7 4
23 7 7 4
23 7 7 4
23 7 7 4
23 7 7 4
23 7 7 4
23 7 7 4
23 7 7 4
23 7 7 4
2 2 2 0
2 2 2 0
2 2 2 0
2 2 2 0
2 2 2 0
0 14 14 0
0 14 14 0
0 14 14 0
0 14 14 0
22 14 14 0
22 14 14 0
