17 17 17 1
21 19 11 1
21 19 11 1
21 19 11 1
21 19 11 1
19 25 4 1
19 25 4 1
19 25 4 1
19 25 4 1
29 4 4 1
29 4 4 1
29 4 4 1
4 4 4 1
4 4 4 1
24 9 9 1
24 9 9 1
24 9 9 1
20 20 10 2
20 20 10 2
3 3 3 2
3 3 3 2
3 3 3 2
3 3 3 2
3 3 3 2
3 3 3 2
3 3 3 2
16 16 16 2
16 16 16 2
16 16 16 2
16 16 16 2
16 16 16 2
13 23 20 4
13 23 20 4
1 1 20 4
1 1 20 4
1 1 20 4
17 17 17 1
17 17 17 1
17 17 17 1
17 17 17 1
17 17 17 1
21 19 11 1
21 19 11 1
21 19 11 1
21 19 11 1
19 25 4 1
19 25 4 1
19 25 4 1
19 25 4 1
29 4 4 1
29 4 4 1
29 4 4 1
4 4 4 1
4 4 4 1
24 9 9 1
24 9 9 1
24 9 9 1
20 20 10 2
20 20 10 2
3 3 3 2
3 3 3 2
3 3 3 2
3 3 3 2
3 3 3 2
3 3 3 2
3 3 3 2
16 16 16 2
16 16 16 2
16 16 16 2
16 16 16 2
16 16 16 2
13 23 20 4
13 23 20 4
1 1 20 4
1 1 20 4
1 1 20 4
17 17 17 1
17 17 17 1
17 17 17 1
17 17 17 1
17 17 17 1
21 19 11 1
21 19 11 1
21 19 11 1
21 19 11 1
19 25 4 1
19 25 4 1
19 25 4 1
19 25 4 1
19 25 4 1
29 4 4 1
29 4 4 1
4 4 4 1
4 4 4 1
24 9 9 1
24 9 9 1
24 9 9 1
20 20 10 2
20 20 10 2
3 3 3 2
3 3 3 2
3 3 3 2
3 3 3 2
3 3 3 2
3 3 3 2
16 16 16 2
16 16 16 2
16 16 16 2
16 16 16 2
16 16 16 2
16 16 16 2
13 23 20 4
13 23 20 4
1 1 20 4
1 1 20 4
17 17 17 1
17 17 17 1
17 17 17 1
17 17 17 1
17 17 17 1
17 17 17 1
21 19 11 1
21 19 11 1
21 19 11 1
21 19 11 1
21 19 11 1
19 25 4 1
19 25 4 1
19 25 4 1
15 12 12 1
15 12 12 1
29 4 4 1
4 4 4 1
24 9 9 1
24 9 9 1
24 9 9 1
24 9 9 1
20 20 10 2
20 20 10 2
20 20 10 2
3 3 3 2
3 3 3 2
3 3 3 2
3 3 3 2
16 16 16 2
16 16 16 2
16 16 16 2
16 16 16 2
16 16 16 2
16 16 16 2
16 16 16 2
13 23 20 4
13 23 20 4
1 1 20 4
1 1 20 4
1 1 20 4
1 1 20 4
17 17 17 1
17 17 17 1
17 17 17 1
21 19 11 1
21 19 11 1
21 19 11 1
21 19 11 1
21 19 11 1
21 19 11 1
19 25 4 1
19 25 4 1
19 25 4 1
15 12 12 1
15 12 12 1
12 12 12 1
4 4 4 1
24 9 9 1
24 9 9 1
24 9 9 1
24 9 9 1
20 20 10 2
20 20 10 2
20 20 10 2
3 3 3 2
3 3 3 2
3 3 3 2
3 3 3 2
16 16 16 2
16 16 16 2
16 16 16 2
16 16 16 2
16 16 16 2
16 16 16 2
13 23 20 4
13 23 20 4
13 23 20 4
1 1 20 4
1 1 20 4
1 1 20 4
1 1 20 4
17 17 17 1
17 17 17 1
17 17 17 1
21 19 11 1
21 19 11 1
21 19 11 1
21 19 11 1
21 19 11 1
21 19 11 1
19 25 4 1
19 25 4 1
15 12 12 1
15 12 12 1
15 12 12 1
12 12 12 1
12 12 12 1
24 9 9 1
24 9 9 1
24 9 9 1
24 9 9 1
20 20 10 2
20 20 10 2
20 20 10 2
20 20 10 2
3 3 3 2
3 3 3 2
3 3 3 2
3 3 3 2
16 16 16 2
16 16 16 2
16 16 16 2
16 16 16 2
16 16 16 2
13 23 20 4
13 23 20 4
13 23 20 4
1 1 20 4
1 1 20 4
1 1 20 4
1 1 20 4
17 17 17 1
17 17 17 1
17 17 17 1
21 19 11 1
21 19 11 1
21 19 11 1
21 19 11 1
21 19 11 1
11 11 19 1
11 11 19 1
19 25 4 1
15 12 12 1
15 12 12 1
15 12 12 1
12 12 12 1
12 12 12 1
24 9 9 1
24 9 9 1
24 9 9 1
20 20 10 2
20 20 10 2
20 20 10 2
20 20 10 2
20 20 10 2
3 3 3 2
3 3 3 2
3 3 3 2
28 13 13 2
28 13 13 2
16 16 16 2
16 16 16 2
16 16 16 2
13 23 20 4
13 23 20 4
13 23 20 4
13 23 20 4
1 1 20 4
1 1 20 4
1 1 20 4
1 1 20 4
17 17 17 1
17 17 17 1
17 17 17 1
14 0 0 1
21 19 11 1
21 19 11 1
21 19 11 1
11 11 19 1
11 11 19 1
11 11 19 1
11 11 19 1
15 12 12 1
15 12 12 1
15 12 12 1
12 12 12 1
12 12 12 1
24 9 9 1
24 9 9 1
24 9 9 1
20 20 10 2
20 20 10 2
20 20 10 2
20 20 10 2
20 20 10 2
20 20 10 2
20 20 10 2
20 20 10 2
28 13 13 2
28 13 13 2
25 13 13 2
16 16 16 2
16 16 16 2
13 23 20 4
13 23 20 4
13 23 20 4
13 23 20 4
1 1 20 4
1 1 20 4
1 1 20 4
1 1 20 4
1 1 20 4
17 17 17 1
17 17 17 1
14 0 0 1
26 0 0 1
11 11 19 1
11 11 19 1
11 11 19 1
11 11 19 1
11 11 19 1
11 11 19 1
10 21 18 1
10 21 18 1
15 12 12 1
12 12 12 1
12 12 12 1
24 9 9 1
24 9 9 1
24 9 9 1
7 20 10 2
7 20 10 2
20 20 10 2
20 20 10 2
20 20 10 2
20 20 10 2
20 20 10 2
28 13 13 2
28 13 13 2
28 13 13 2
25 13 13 2
25 13 13 2
16 16 16 2
13 23 20 4
13 23 20 4
13 23 20 4
13 23 20 4
1 1 20 4
1 1 20 4
1 1 20 4
1 1 20 4
1 1 20 4
17 17 17 1
17 17 17 1
14 0 0 1
26 0 0 1
11 11 19 1
11 11 19 1
11 11 19 1
11 11 19 1
11 11 19 1
11 11 19 1
10 21 18 1
10 21 18 1
10 21 18 1
12 12 12 1
12 12 12 1
24 9 9 1
24 9 9 1
24 9 9 1
20 20 10 2
20 20 10 2
20 20 10 2
20 20 10 2
20 20 10 2
20 20 10 2
28 13 13 2
28 13 13 2
28 13 13 2
28 13 13 2
25 13 13 2
25 13 13 2
25 13 13 2
13 23 20 4
13 23 20 4
13 23 20 4
1 1 20 4
1 1 20 4
1 1 20 4
1 1 20 4
1 1 20 4
1 1 20 4
17 17 17 1
14 0 0 1
14 0 0 1
26 0 0 1
26 0 0 1
11 11 19 1
11 11 19 1
11 11 19 1
11 11 19 1
10 21 18 1
10 21 18 1
10 21 18 1
10 21 18 1
12 12 12 1
12 12 12 1
24 9 9 1
24 9 9 1
24 9 9 1
20 20 10 2
20 20 10 2
20 20 10 2
20 20 10 2
20 20 10 2
20 20 10 2
28 13 13 2
28 13 13 2
28 13 13 2
28 13 13 2
25 13 13 2
25 13 13 2
25 13 13 2
13 23 20 4
13 23 20 4
13 23 20 4
33 18 1 4
33 18 1 4
1 1 20 4
1 1 20 4
1 1 20 4
1 1 20 4
22 14 14 4
14 0 0 1
14 0 0 1
26 0 0 1
26 0 0 1
11 11 19 1
11 11 19 1
11 11 19 1
11 11 19 1
10 21 18 1
10 21 18 1
10 21 18 1
10 21 18 1
10 21 18 1
10 21 18 1
24 9 9 1
24 9 9 1
24 9 9 1
20 20 10 2
20 20 10 2
20 20 10 2
20 20 10 2
20 20 10 2
28 13 13 2
28 13 13 2
28 13 13 2
28 13 13 2
28 13 13 2
25 13 13 2
25 13 13 2
25 13 13 2
25 13 13 2
13 23 20 4
13 23 20 4
33 18 1 4
33 18 1 4
18 18 1 4
18 18 1 4
18 18 1 4
18 18 1 4
22 14 14 4
14 0 0 1
14 0 0 1
26 0 0 1
26 0 0 1
26 0 0 1
11 11 19 1
11 11 19 1
11 11 19 1
30 5 5 1
30 5 5 1
10 21 18 1
10 21 18 1
10 21 18 1
10 21 18 1
24 9 9 1
24 9 9 1
24 9 9 1
20 20 10 2
20 20 10 2
20 20 10 2
20 20 10 2
20 20 10 2
20 20 10 2
28 13 13 2
28 13 13 2
28 13 13 2
28 13 13 2
25 13 13 2
25 13 13 2
25 13 13 2
25 13 13 2
33 18 1 4
33 18 1 4
33 18 1 4
33 18 1 4
18 18 1 4
18 18 1 4
18 18 1 4
18 18 1 4
22 14 14 4
14 0 0 1
14 0 0 1
26 0 0 1
26 0 0 1
26 0 0 1
26 0 0 1
11 11 19 1
30 5 5 1
30 5 5 1
30 5 5 1
5 5 5 1
5 5 5 1
5 5 5 1
27 15 15 2
27 15 15 2
27 15 15 2
27 15 15 2
20 20 10 2
20 20 10 2
20 20 10 2
20 20 10 2
20 20 10 2
20 20 10 2
28 13 13 2
28 13 13 2
28 13 13 2
28 13 13 2
25 13 13 2
25 13 13 2
25 13 13 2
25 13 13 2
33 18 1 4
33 18 1 4
33 18 1 4
33 18 1 4
18 18 1 4
18 18 1 4
18 18 1 4
18 18 1 4
22 14 14 4
14 0 0 1
14 0 0 1
26 0 0 1
26 0 0 1
26 0 0 1
26 0 0 1
30 5 5 1
30 5 5 1
30 5 5 1
30 5 5 1
5 5 5 1
5 5 5 1
5 5 5 1
5 5 5 1
27 15 15 2
27 15 15 2
32 6 6 2
32 6 6 2
32 6 6 2
6 6 6 2
6 6 6 2
6 6 6 2
6 6 6 2
28 13 13 2
28 13 13 2
28 13 13 2
28 13 13 2
25 13 13 2
25 13 13 2
25 13 13 2
33 18 1 4
33 18 1 4
33 18 1 4
33 18 1 4
33 18 1 4
18 18 1 4
18 18 1 4
18 18 1 4
22 14 14 4
22 14 14 4
14 0 0 1
14 0 0 1
26 0 0 1
26 0 0 1
26 0 0 1
26 0 0 1
30 5 5 1
30 5 5 1
30 5 5 1
30 5 5 1
5 5 5 1
5 5 5 1
5 5 5 1
5 5 5 1
9 15 15 2
27 15 15 2
27 15 15 2
6 6 6 2
6 6 6 2
6 6 6 2
6 6 6 2
6 6 6 2
6 6 6 2
6 6 6 2
28 13 13 2
28 13 13 2
28 13 13 2
25 13 13 2
25 13 13 2
25 13 13 2
33 18 1 4
33 18 1 4
33 18 1 4
33 18 1 4
33 18 1 4
18 18 1 4
18 18 1 4
18 18 1 4
22 14 14 4
22 14 14 4
14 0 0 1
14 0 0 1
26 0 0 1
26 0 0 1
26 0 0 1
26 0 0 1
31 8 8 2
30 5 5 1
30 5 5 1
30 5 5 1
5 5 5 1
5 5 5 1
5 5 5 1
9 15 15 2
9 15 15 2
27 15 15 2
6 6 6 2
6 6 6 2
6 6 6 2
6 6 6 2
6 6 6 2
6 6 6 2
6 6 6 2
6 6 6 2
23 7 7 3
28 13 13 2
28 13 13 2
25 13 13 2
25 13 13 2
25 13 13 2
2 2 2 4
2 2 2 4
2 2 2 4
2 2 2 4
33 18 1 4
18 18 1 4
18 18 1 4
18 18 1 4
22 14 14 4
22 14 14 4
14 0 0 1
14 0 0 1
26 0 0 1
26 0 0 1
26 0 0 1
31 8 8 2
31 8 8 2
8 8 8 2
8 8 8 2
30 5 5 1
5 5 5 1
5 5 5 1
5 5 5 1
9 15 15 2
9 15 15 2
27 15 15 2
27 15 15 2
27 15 15 2
27 15 15 2
6 6 6 2
6 6 6 2
6 6 6 2
6 6 6 2
23 7 7 3
23 7 7 3
23 7 7 3
28 13 13 2
25 13 13 2
25 13 13 2
2 2 2 4
2 2 2 4
2 2 2 4
2 2 2 4
2 2 2 4
33 18 1 4
18 18 1 4
18 18 1 4
22 14 14 4
22 14 14 4
22 14 14 4
14 0 0 1
14 0 0 1
26 0 0 1
26 0 0 1
31 8 8 2
31 8 8 2
31 8 8 2
8 8 8 2
8 8 8 2
8 8 8 2
5 5 5 1
5 5 5 1
9 15 15 2
9 15 15 2
9 15 15 2
27 15 15 2
27 15 15 2
27 15 15 2
6 6 6 2
6 6 6 2
6 6 6 2
6 6 6 2
23 7 7 3
23 7 7 3
23 7 7 3
23 7 7 3
23 7 7 3
25 13 13 2
2 2 2 4
2 2 2 4
2 2 2 4
2 2 2 4
2 2 2 4
2 2 2 4
2 2 2 4
18 18 1 4
18 18 1 4
22 14 14 4
22 14 14 4
22 14 14 4
22 14 14 4
14 0 0 1
26 0 0 1
26 0 0 1
31 8 8 2
31 8 8 2
31 8 8 2
8 8 8 2
8 8 8 2
8 8 8 2
8 8 8 2
5 5 5 1
9 15 15 2
9 15 15 2
9 15 15 2
27 15 15 2
27 15 15 2
27 15 15 2
6 6 6 2
6 6 6 2
6 6 6 2
6 6 6 2
23 7 7 3
23 7 7 3
23 7 7 3
23 7 7 3
23 7 7 3
23 7 7 3
2 2 2 4
2 2 2 4
2 2 2 4
2 2 2 4
2 2 2 4
2 2 2 4
2 2 2 4
18 18 1 4
0 14 14 4
0 14 14 4
0 14 14 4
22 14 14 4
22 14 14 4
22 14 14 4
22 14 14 4
31 8 8 2
31 8 8 2
31 8 8 2
31 8 8 2
8 8 8 2
8 8 8 2
8 8 8 2
8 8 8 2
8 8 8 2
9 15 15 2
9 15 15 2
9 15 15 2
9 15 15 2
9 15 15 2
9 15 15 2
6 6 6 2
6 6 6 2
6 6 6 2
23 7 7 3
23 7 7 3
23 7 7 3
23 7 7 3
23 7 7 3
23 7 7 3
23 7 7 3
2 2 2 4
2 2 2 4
2 2 2 4
2 2 2 4
2 2 2 4
2 2 2 4
2 2 2 4
18 18 1 4
18 18 1 4
22 14 14 4
22 14 14 4
22 14 14 4
22 14 14 4
22 14 14 4
22 14 14 4
31 8 8 2
31 8 8 2
31 8 8 2
31 8 8 2
31 8 8 2
8 8 8 2
8 8 8 2
8 8 8 2
9 15 15 2
9 15 15 2
9 15 15 2
9 15 15 2
9 15 15 2
9 15 15 2
9 15 15 2
6 6 6 2
6 6 6 2
6 6 6 2
23 7 7 3
23 7 7 3
23 7 7 3
23 7 7 3
23 7 7 3
23 7 7 3
23 7 7 3
23 7 7 3
2 2 2 4
2 2 2 4
2 2 2 4
2 2 2 4
2 2 2 4
2 2 2 4
18 18 1 4
18 18 1 4
22 14 14 4
22 14 14 4
22 14 14 4
22 14 14 4
22 14 14 4
22 14 14 4
31 8 8 2
31 8 8 2
31 8 8 2
31 8 8 2
31 8 8 2
8 8 8 2
8 8 8 2
8 8 8 2
9 15 15 2
9 15 15 2
9 15 15 2
9 15 15 2
9 15 15 2
9 15 15 2
9 15 15 2
6 6 6 2
6 6 6 2
6 6 6 2
23 7 7 3
23 7 7 3
23 7 7 3
23 7 7 3
23 7 7 3
23 7 7 3
23 7 7 3
23 7 7 3
23 7 7 3
2 2 2 4
2 2 2 4
2 2 2 4
2 2 2 4
2 2 2 4
18 18 1 4
18 18 1 4
22 14 14 4
22 14 14 4
22 14 14 4
22 14 14 4
22 14 14 4
22 14 14 4
31 8 8 2
31 8 8 2
31 8 8 2
31 8 8 2
31 8 8 2
8 8 8 2
8 8 8 2
8 8 8 2
9 15 15 2
9 15 15 2
9 15 15 2
9 15 15 2
9 15 15 2
9 15 15 2
9 15 15 2
6 6 6 2
6 6 6 2
6 6 6 2
23 7 7 3
23 7 7 3
23 7 7 3
23 7 7 3
23 7 7 3
23 7 7 3
23 7 7 3
23 7 7 3
23 7 7 3
2 2 2 4
2 2 2 4
2 2 2 4
2 2 2 4
2 2 2 4
18 18 1 4
18 18 1 4
22 14 14 4
22 14 14 4
22 14 14 4
22 14 14 4
