17 17 17 2
21 19 11 2
21 19 11 2
21 19 11 2
21 19 11 2
19 25 12 4
19 25 12 4
19 25 12 4
19 25 12 4
15 12 12 4
15 12 12 4
4 4 4 4
4 4 4 4
4 4 4 4
24 9 9 4
24 9 9 4
24 9 9 4
24 9 9 4
3 3 3 4
3 3 3 4
3 3 3 4
3 3 3 4
3 3 3 4
3 3 3 4
3 3 3 4
16 16 16 0
16 16 16 0
16 16 16 0
16 16 16 0
16 16 16 0
16 16 16 0
16 16 16 0
1 1 20 2
1 1 20 2
1 1 20 2
17 17 17 2
17 17 17 2
17 17 17 2
17 17 17 2
17 17 17 2
17 17 17 2
21 19 11 2
21 19 11 2
21 19 11 2
21 19 11 2
19 25 12 4
19 25 12 4
19 25 12 4
19 25 12 4
15 12 12 4
4 4 4 4
4 4 4 4
4 4 4 4
4 4 4 4
24 9 9 4
24 9 9 4
24 9 9 4
3 3 3 4
3 3 3 4
3 3 3 4
3 3 3 4
3 3 3 4
3 3 3 4
3 3 3 4
3 3 3 4
16 16 16 0
16 16 16 0
16 16 16 0
16 16 16 0
16 16 16 0
16 16 16 0
16 16 16 0
1 1 20 2
1 1 20 2
1 1 20 2
17 17 17 2
17 17 17 2
17 17 17 2
17 17 17 2
17 17 17 2
17 17 17 2
21 19 11 2
21 19 11 2
21 19 11 2
21 19 11 2
19 25 12 4
19 25 12 4
19 25 12 4
19 25 12 4
15 12 12 4
29 9 9 4
29 9 9 4
29 9 9 4
4 4 4 4
24 9 9 4
24 9 9 4
24 9 9 4
24 9 9 4
20 20 10 1
3 3 3 4
3 3 3 4
3 3 3 4
3 3 3 4
3 3 3 4
3 3 3 4
16 16 16 0
16 16 16 0
16 16 16 0
16 16 16 0
16 16 16 0
16 16 16 0
16 16 16 0
1 1 20 2
1 1 20 2
1 1 20 2
17 17 17 2
17 17 17 2
17 17 17 2
17 17 17 2
17 17 17 2
17 17 17 2
21 19 11 2
21 19 11 2
21 19 11 2
21 19 11 2
19 25 12 4
19 25 12 4
19 25 12 4
19 25 12 4
15 12 12 4
15 12 12 4
24 9 9 4
24 9 9 4
24 9 9 4
24 9 9 4
24 9 9 4
24 9 9 4
7 20 10 1
20 20 10 1
3 3 3 4
3 3 3 4
3 3 3 4
3 3 3 4
3 3 3 4
16 16 16 0
16 16 16 0
16 16 16 0
16 16 16 0
16 16 16 0
16 16 16 0
16 16 16 0
16 16 16 0
1 1 20 2
1 1 20 2
1 1 20 2
17 17 17 2
17 17 17 2
17 17 17 2
17 17 17 2
17 17 17 2
21 19 11 2
21 19 11 2
21 19 11 2
21 19 11 2
21 19 11 2
21 19 11 2
19 25 12 4
19 25 12 4
19 25 12 4
15 12 12 4
15 12 12 4
24 9 9 4
24 9 9 4
24 9 9 4
24 9 9 4
24 9 9 4
24 9 9 4
7 20 10 1
20 20 10 1
20 20 10 1
3 3 3 4
3 3 3 4
3 3 3 4
3 3 3 4
16 16 16 0
16 16 16 0
16 16 16 0
16 16 16 0
16 16 16 0
16 16 16 0
16 16 16 0
16 16 16 0
1 1 20 2
1 1 20 2
1 1 20 2
1 1 20 2
17 17 17 2
17 17 17 2
17 17 17 2
17 17 17 2
21 19 11 2
21 19 11 2
21 19 11 2
21 19 11 2
21 19 11 2
21 19 11 2
19 25 12 4
19 25 12 4
15 12 12 4
15 12 12 4
15 12 12 4
15 12 12 4
15 12 12 4
24 9 9 4
24 9 9 4
24 9 9 4
24 9 9 4
7 20 10 1
20 20 10 1
20 20 10 1
20 20 10 1
3 3 3 4
3 3 3 4
3 3 3 4
16 16 16 0
16 16 16 0
16 16 16 0
16 16 16 0
16 16 16 0
16 16 16 0
16 16 16 0
16 16 16 0
1 1 20 2
1 1 20 2
1 1 20 2
1 1 20 2
17 17 17 2
17 17 17 2
17 17 17 2
17 17 17 2
21 19 11 2
21 19 11 2
21 19 11 2
21 19 11 2
21 19 11 2
11 11 19 2
11 11 19 2
19 25 12 4
15 12 12 4
15 12 12 4
12 12 12 4
12 12 12 4
12 12 12 4
24 9 9 4
24 9 9 4
24 9 9 4
7 20 10 1
7 20 10 1
20 20 10 1
20 20 10 1
20 20 10 1
20 20 10 1
20 20 10 1
28 13 13 0
28 13 13 0
28 13 13 0
16 16 16 0
16 16 16 0
16 16 16 0
16 16 16 0
13 1 20 2
13 1 20 2
13 1 20 2
1 1 20 2
1 1 20 2
1 1 20 2
1 1 20 2
17 17 17 2
17 17 17 2
17 17 17 2
21 19 11 2
21 19 11 2
21 19 11 2
21 19 11 2
11 11 19 2
11 11 19 2
11 11 19 2
19 25 12 4
10 21 18 3
10 21 18 3
10 21 18 3
10 21 18 3
24 9 9 4
24 9 9 4
24 9 9 4
24 9 9 4
7 20 10 1
7 20 10 1
20 20 10 1
20 20 10 1
20 20 10 1
20 20 10 1
20 20 10 1
28 13 13 0
28 13 13 0
28 13 13 0
25 13 13 0
16 16 16 0
16 16 16 0
16 16 16 0
16 16 16 0
1 1 20 2
1 1 20 2
1 1 20 2
1 1 20 2
1 1 20 2
1 1 20 2
17 17 17 2
17 17 17 2
17 17 17 2
11 11 19 2
11 11 19 2
11 11 19 2
11 11 19 2
11 11 19 2
11 11 19 2
11 11 19 2
11 11 19 2
10 21 18 3
10 21 18 3
10 21 18 3
10 21 18 3
24 9 9 4
24 9 9 4
24 9 9 4
7 20 10 1
7 20 10 1
7 20 10 1
20 20 10 1
20 20 10 1
20 20 10 1
20 20 10 1
20 20 10 1
28 13 13 0
28 13 13 0
28 13 13 0
25 13 13 0
16 16 16 0
16 16 16 0
16 16 16 0
16 16 16 0
1 1 20 2
1 1 20 2
1 1 20 2
1 1 20 2
1 1 20 2
1 1 20 2
1 1 20 2
1 1 20 2
1 1 20 2
14 0 0 3
11 11 19 2
11 11 19 2
11 11 19 2
11 11 19 2
11 11 19 2
11 11 19 2
11 11 19 2
10 21 18 3
10 21 18 3
10 21 18 3
10 21 18 3
24 9 9 4
24 9 9 4
24 9 9 4
7 20 10 1
7 20 10 1
7 20 10 1
20 20 10 1
20 20 10 1
20 20 10 1
20 20 10 1
28 13 13 0
28 13 13 0
28 13 13 0
28 13 13 0
25 13 13 0
25 13 13 0
16 16 16 0
16 16 16 0
16 16 16 0
1 1 20 2
1 1 20 2
1 1 20 2
1 1 20 2
1 1 20 2
1 1 20 2
1 1 20 2
1 1 20 2
1 1 20 2
14 0 0 3
26 0 0 3
11 11 19 2
11 11 19 2
11 11 19 2
11 11 19 2
11 11 19 2
10 21 18 3
10 21 18 3
10 21 18 3
10 21 18 3
10 21 18 3
10 21 18 3
24 9 9 4
24 9 9 4
32 6 6 1
7 20 10 1
7 20 10 1
20 20 10 1
20 20 10 1
20 20 10 1
28 13 13 0
28 13 13 0
28 13 13 0
28 13 13 0
28 13 13 0
25 13 13 0
25 13 13 0
16 16 16 0
16 16 16 0
16 16 16 0
33 18 1 2
33 18 1 2
33 18 1 2
1 1 20 2
1 1 20 2
1 1 20 2
1 1 20 2
1 1 20 2
14 0 0 3
14 0 0 3
26 0 0 3
26 0 0 3
11 11 19 2
11 11 19 2
11 11 19 2
11 11 19 2
10 21 18 3
10 21 18 3
10 21 18 3
10 21 18 3
10 21 18 3
10 21 18 3
24 9 9 4
24 9 9 4
32 6 6 1
32 6 6 1
7 20 10 1
20 20 10 1
20 20 10 1
20 20 10 1
28 13 13 0
28 13 13 0
28 13 13 0
28 13 13 0
28 13 13 0
25 13 13 0
25 13 13 0
25 13 13 0
16 16 16 0
33 18 1 2
33 18 1 2
33 18 1 2
33 18 1 2
18 18 1 2
18 18 1 2
18 18 1 2
18 18 1 2
18 18 1 2
14 0 0 3
14 0 0 3
26 0 0 3
26 0 0 3
26 0 0 3
11 11 19 2
11 11 19 2
30 5 5 3
30 5 5 3
30 5 5 3
10 21 18 3
10 21 18 3
10 21 18 3
10 21 18 3
9 15 15 3
32 6 6 1
32 6 6 1
32 6 6 1
32 6 6 1
32 6 6 1
32 6 6 1
32 6 6 1
28 13 13 0
28 13 13 0
28 13 13 0
28 13 13 0
28 13 13 0
25 13 13 0
25 13 13 0
25 13 13 0
25 13 13 0
33 18 1 2
33 18 1 2
33 18 1 2
33 18 1 2
18 18 1 2
18 18 1 2
18 18 1 2
18 18 1 2
14 0 0 3
14 0 0 3
14 0 0 3
26 0 0 3
26 0 0 3
26 0 0 3
11 11 19 2
11 11 19 2
30 5 5 3
30 5 5 3
30 5 5 3
5 5 5 3
5 5 5 3
5 5 5 3
9 15 15 3
9 15 15 3
32 6 6 1
32 6 6 1
32 6 6 1
32 6 6 1
32 6 6 1
32 6 6 1
32 6 6 1
28 13 13 0
28 13 13 0
28 13 13 0
28 13 13 0
28 13 13 0
25 13 13 0
25 13 13 0
25 13 13 0
25 13 13 0
33 18 1 2
33 18 1 2
33 18 1 2
33 18 1 2
18 18 1 2
18 18 1 2
18 18 1 2
18 18 1 2
14 0 0 3
14 0 0 3
14 0 0 3
26 0 0 3
26 0 0 3
26 0 0 3
26 0 0 3
30 5 5 3
30 5 5 3
30 5 5 3
30 5 5 3
5 5 5 3
5 5 5 3
5 5 5 3
9 15 15 3
9 15 15 3
32 6 6 1
32 6 6 1
32 6 6 1
32 6 6 1
32 6 6 1
32 6 6 1
32 6 6 1
32 6 6 1
28 13 13 0
28 13 13 0
28 13 13 0
28 13 13 0
25 13 13 0
25 13 13 0
25 13 13 0
25 13 13 0
33 18 1 2
33 18 1 2
33 18 1 2
33 18 1 2
18 18 1 2
18 18 1 2
18 18 1 2
0 14 14 2
14 0 0 3
14 0 0 3
14 0 0 3
26 0 0 3
26 0 0 3
26 0 0 3
26 0 0 3
30 5 5 3
30 5 5 3
30 5 5 3
30 5 5 3
5 5 5 3
5 5 5 3
5 5 5 3
9 15 15 3
9 15 15 3
27 6 6 1
27 6 6 1
32 6 6 1
6 6 6 1
6 6 6 1
6 6 6 1
6 6 6 1
6 6 6 1
6 6 6 1
28 13 13 0
28 13 13 0
28 13 13 0
25 13 13 0
25 13 13 0
25 13 13 0
25 13 13 0
33 18 1 2
33 18 1 2
33 18 1 2
33 18 1 2
18 18 1 2
18 18 1 2
18 18 1 2
0 14 14 2
14 0 0 3
14 0 0 3
14 0 0 3
26 0 0 3
26 0 0 3
26 0 0 3
31 8 8 3
31 8 8 3
30 5 5 3
30 5 5 3
30 5 5 3
5 5 5 3
5 5 5 3
5 5 5 3
9 15 15 3
9 15 15 3
27 6 6 1
27 6 6 1
6 6 6 1
6 6 6 1
6 6 6 1
6 6 6 1
6 6 6 1
6 6 6 1
6 6 6 1
23 7 7 2
25 13 13 0
25 13 13 0
25 13 13 0
25 13 13 0
25 13 13 0
2 2 2 2
33 18 1 2
33 18 1 2
33 18 1 2
33 18 1 2
18 18 1 2
18 18 1 2
0 14 14 2
0 14 14 2
14 0 0 3
14 0 0 3
14 0 0 3
26 0 0 3
26 0 0 3
26 0 0 3
31 8 8 3
31 8 8 3
8 8 8 3
8 8 8 3
30 5 5 3
5 5 5 3
5 5 5 3
5 5 5 3
9 15 15 3
9 15 15 3
27 6 6 1
27 6 6 1
27 6 6 1
6 6 6 1
6 6 6 1
6 6 6 1
6 6 6 1
6 6 6 1
23 7 7 2
23 7 7 2
23 7 7 2
25 13 13 0
25 13 13 0
25 13 13 0
25 13 13 0
2 2 2 2
33 18 1 2
33 18 1 2
33 18 1 2
33 18 1 2
18 18 1 2
18 18 1 2
0 14 14 2
0 14 14 2
22 14 14 2
14 0 0 3
14 0 0 3
26 0 0 3
26 0 0 3
31 8 8 3
31 8 8 3
31 8 8 3
8 8 8 3
8 8 8 3
30 5 5 3
5 5 5 3
5 5 5 3
5 5 5 3
9 15 15 3
9 15 15 3
27 6 6 1
27 6 6 1
27 6 6 1
6 6 6 1
6 6 6 1
6 6 6 1
6 6 6 1
23 7 7 2
23 7 7 2
23 7 7 2
23 7 7 2
25 13 13 0
25 13 13 0
25 13 13 0
2 2 2 2
2 2 2 2
33 18 1 2
33 18 1 2
33 18 1 2
33 18 1 2
18 18 1 2
0 14 14 2
0 14 14 2
0 14 14 2
22 14 14 2
22 14 14 2
22 14 14 2
22 14 14 2
31 8 8 3
31 8 8 3
31 8 8 3
31 8 8 3
8 8 8 3
8 8 8 3
8 8 8 3
5 5 5 3
5 5 5 3
9 15 15 3
9 15 15 3
9 15 15 3
27 6 6 1
27 6 6 1
27 6 6 1
6 6 6 1
6 6 6 1
6 6 6 1
6 6 6 1
23 7 7 2
23 7 7 2
23 7 7 2
23 7 7 2
23 7 7 2
25 13 13 0
25 13 13 0
2 2 2 2
2 2 2 2
2 2 2 2
2 2 2 2
2 2 2 2
2 2 2 2
2 2 2 2
0 14 14 2
0 14 14 2
0 14 14 2
22 14 14 2
22 14 14 2
22 14 14 2
22 14 14 2
31 8 8 3
31 8 8 3
31 8 8 3
31 8 8 3
8 8 8 3
8 8 8 3
8 8 8 3
5 5 5 3
5 5 5 3
9 15 15 3
9 15 15 3
9 15 15 3
9 15 15 3
27 6 6 1
27 6 6 1
6 6 6 1
6 6 6 1
6 6 6 1
23 7 7 2
23 7 7 2
23 7 7 2
23 7 7 2
23 7 7 2
23 7 7 2
23 7 7 2
25 13 13 0
2 2 2 2
2 2 2 2
2 2 2 2
2 2 2 2
2 2 2 2
2 2 2 2
2 2 2 2
0 14 14 2
0 14 14 2
0 14 14 2
22 14 14 2
22 14 14 2
22 14 14 2
22 14 14 2
31 8 8 3
31 8 8 3
31 8 8 3
31 8 8 3
31 8 8 3
8 8 8 3
8 8 8 3
5 5 5 3
5 5 5 3
9 15 15 3
9 15 15 3
9 15 15 3
9 15 15 3
27 6 6 1
27 6 6 1
6 6 6 1
6 6 6 1
23 7 7 2
23 7 7 2
23 7 7 2
23 7 7 2
23 7 7 2
23 7 7 2
23 7 7 2
23 7 7 2
23 7 7 2
2 2 2 2
2 2 2 2
2 2 2 2
2 2 2 2
2 2 2 2
2 2 2 2
2 2 2 2
0 14 14 2
0 14 14 2
0 14 14 2
22 14 14 2
22 14 14 2
22 14 14 2
22 14 14 2
31 8 8 3
31 8 8 3
31 8 8 3
31 8 8 3
31 8 8 3
8 8 8 3
8 8 8 3
5 5 5 3
5 5 5 3
9 15 15 3
9 15 15 3
9 15 15 3
9 15 15 3
9 15 15 3
9 15 15 3
9 15 15 3
9 15 15 3
23 7 7 2
23 7 7 2
23 7 7 2
23 7 7 2
23 7 7 2
23 7 7 2
23 7 7 2
23 7 7 2
23 7 7 2
2 2 2 2
2 2 2 2
2 2 2 2
2 2 2 2
2 2 2 2
2 2 2 2
2 2 2 2
0 14 14 2
0 14 14 2
0 14 14 2
22 14 14 2
22 14 14 2
22 14 14 2
22 14 14 2
31 8 8 3
31 8 8 3
31 8 8 3
31 8 8 3
31 8 8 3
8 8 8 3
8 8 8 3
5 5 5 3
5 5 5 3
9 15 15 3
9 15 15 3
9 15 15 3
9 15 15 3
9 15 15 3
9 15 15 3
9 15 15 3
9 15 15 3
23 7 7 2
23 7 7 2
23 7 7 2
23 7 7 2
23 7 7 2
23 7 7 2
23 7 7 2
23 7 7 2
23 7 7 2
2 2 2 2
2 2 2 2
2 2 2 2
2 2 2 2
2 2 2 2
2 2 2 2
2 2 2 2
0 14 14 2
0 14 14 2
0 14 14 2
22 14 14 2
22 14 14 2
