17 17 17 4
21 19 11 0
21 19 11 0
21 19 11 0
21 19 11 0
21 19 11 0
19 25 12 0
19 25 12 0
19 25 12 0
19 25 12 0
29 4 4 0
29 4 4 0
4 4 4 0
4 4 4 0
4 4 4 0
4 4 4 0
4 4 4 0
3 3 3 4
3 3 3 4
3 3 3 4
3 3 3 4
3 3 3 4
3 3 3 4
3 3 3 4
3 3 3 4
16 16 16 4
16 16 16 4
16 16 16 4
16 16 16 4
16 16 16 4
16 16 16 4
13 23 20 4
13 23 20 4
13 23 20 4
17 17 17 4
17 17 17 4
17 17 17 4
17 17 17 4
17 17 17 4
17 17 17 4
17 17 17 4
21 19 11 0
21 19 11 0
21 19 11 0
21 19 11 0
21 19 11 0
19 25 12 0
19 25 12 0
19 25 12 0
19 25 12 0
29 4 4 0
29 4 4 0
4 4 4 0
4 4 4 0
4 4 4 0
4 4 4 0
4 4 4 0
3 3 3 4
3 3 3 4
3 3 3 4
3 3 3 4
3 3 3 4
3 3 3 4
3 3 3 4
3 3 3 4
16 16 16 4
16 16 16 4
16 16 16 4
16 16 16 4
16 16 16 4
16 16 16 4
13 23 20 4
13 23 20 4
17 17 17 4
17 17 17 4
17 17 17 4
17 17 17 4
17 17 17 4
17 17 17 4
17 17 17 4
17 17 17 4
21 19 11 0
21 19 11 0
21 19 11 0
21 19 11 0
19 25 12 0
19 25 12 0
19 25 12 0
19 25 12 0
19 25 12 0
29 4 4 0
29 4 4 0
4 4 4 0
4 4 4 0
24 9 9 0
24 9 9 0
24 9 9 0
24 9 9 0
3 3 3 4
3 3 3 4
3 3 3 4
3 3 3 4
3 3 3 4
3 3 3 4
3 3 3 4
16 16 16 4
16 16 16 4
16 16 16 4
16 16 16 4
16 16 16 4
16 16 16 4
13 23 20 4
13 23 20 4
17 17 17 4
17 17 17 4
17 17 17 4
17 17 17 4
17 17 17 4
17 17 17 4
17 17 17 4
21 19 11 0
21 19 11 0
21 19 11 0
21 19 11 0
21 19 11 0
21 19 11 0
19 25 12 0
19 25 12 0
19 25 12 0
15 12 12 2
15 12 12 2
29 4 4 0
4 4 4 0
24 9 9 0
24 9 9 0
24 9 9 0
24 9 9 0
24 9 9 0
20 20 10 2
3 3 3 4
3 3 3 4
3 3 3 4
3 3 3 4
3 3 3 4
28 13 13 4
16 16 16 4
16 16 16 4
16 16 16 4
16 16 16 4
16 16 16 4
16 16 16 4
13 23 20 4
13 23 20 4
13 23 20 4
17 17 17 4
17 17 17 4
17 17 17 4
17 17 17 4
17 17 17 4
17 17 17 4
21 19 11 0
21 19 11 0
21 19 11 0
21 19 11 0
21 19 11 0
21 19 11 0
21 19 11 0
19 25 12 0
19 25 12 0
15 12 12 2
15 12 12 2
12 12 12 2
4 4 4 0
24 9 9 0
24 9 9 0
24 9 9 0
24 9 9 0
24 9 9 0
20 20 10 2
20 20 10 2
3 3 3 4
3 3 3 4
3 3 3 4
3 3 3 4
28 13 13 4
16 16 16 4
16 16 16 4
16 16 16 4
16 16 16 4
16 16 16 4
13 23 20 4
13 23 20 4
13 23 20 4
13 23 20 4
1 1 20 4
17 17 17 4
17 17 17 4
17 17 17 4
17 17 17 4
17 17 17 4
21 19 11 0
21 19 11 0
21 19 11 0
21 19 11 0
21 19 11 0
21 19 11 0
21 19 11 0
19 25 12 0
19 25 12 0
15 12 12 2
15 12 12 2
12 12 12 2
12 12 12 2
24 9 9 0
24 9 9 0
24 9 9 0
24 9 9 0
7 20 10 2
20 20 10 2
20 20 10 2
20 20 10 2
3 3 3 4
3 3 3 4
3 3 3 4
28 13 13 4
16 16 16 4
16 16 16 4
16 16 16 4
16 16 16 4
16 16 16 4
13 23 20 4
13 23 20 4
13 23 20 4
13 23 20 4
1 1 20 4
1 1 20 4
17 17 17 4
17 17 17 4
17 17 17 4
17 17 17 4
21 19 11 0
21 19 11 0
21 19 11 0
21 19 11 0
21 19 11 0
21 19 11 0
21 19 11 0
30 5 5 2
30 5 5 2
15 12 12 2
15 12 12 2
12 12 12 2
12 12 12 2
12 12 12 2
24 9 9 0
24 9 9 0
7 20 10 2
7 20 10 2
20 20 10 2
20 20 10 2
20 20 10 2
3 3 3 4
3 3 3 4
28 13 13 4
28 13 13 4
28 13 13 4
16 16 16 4
16 16 16 4
16 16 16 4
16 16 16 4
13 23 20 4
13 23 20 4
13 23 20 4
13 23 20 4
1 1 20 4
1 1 20 4
1 1 20 4
17 17 17 4
17 17 17 4
21 19 11 0
21 19 11 0
21 19 11 0
21 19 11 0
21 19 11 0
11 11 19 0
11 11 19 0
11 11 19 0
30 5 5 2
30 5 5 2
10 21 18 2
15 12 12 2
12 12 12 2
12 12 12 2
12 12 12 2
24 9 9 0
7 20 10 2
7 20 10 2
7 20 10 2
20 20 10 2
20 20 10 2
20 20 10 2
20 20 10 2
20 20 10 2
28 13 13 4
28 13 13 4
28 13 13 4
16 16 16 4
16 16 16 4
16 16 16 4
16 16 16 4
13 23 20 4
13 23 20 4
13 23 20 4
1 1 20 4
1 1 20 4
1 1 20 4
1 1 20 4
1 1 20 4
1 1 20 4
21 19 11 0
21 19 11 0
21 19 11 0
21 19 11 0
21 19 11 0
11 11 19 0
11 11 19 0
11 11 19 0
30 5 5 2
30 5 5 2
10 21 18 2
15 12 12 2
12 12 12 2
12 12 12 2
12 12 12 2
7 20 10 2
7 20 10 2
7 20 10 2
7 20 10 2
20 20 10 2
20 20 10 2
20 20 10 2
20 20 10 2
28 13 13 4
28 13 13 4
28 13 13 4
28 13 13 4
16 16 16 4
16 16 16 4
16 16 16 4
16 16 16 4
13 23 20 4
13 23 20 4
1 1 20 4
1 1 20 4
1 1 20 4
1 1 20 4
1 1 20 4
1 1 20 4
1 1 20 4
1 1 20 4
26 0 0 0
26 0 0 0
11 11 19 0
11 11 19 0
11 11 19 0
11 11 19 0
11 11 19 0
11 11 19 0
30 5 5 2
10 21 18 2
10 21 18 2
12 12 12 2
12 12 12 2
12 12 12 2
7 20 10 2
7 20 10 2
7 20 10 2
7 20 10 2
20 20 10 2
20 20 10 2
20 20 10 2
20 20 10 2
28 13 13 4
28 13 13 4
28 13 13 4
28 13 13 4
16 16 16 4
16 16 16 4
16 16 16 4
16 16 16 4
13 23 20 4
13 23 20 4
1 1 20 4
1 1 20 4
1 1 20 4
1 1 20 4
1 1 20 4
1 1 20 4
1 1 20 4
26 0 0 0
26 0 0 0
26 0 0 0
26 0 0 0
11 11 19 0
11 11 19 0
11 11 19 0
30 5 5 2
30 5 5 2
30 5 5 2
10 21 18 2
10 21 18 2
12 12 12 2
12 12 12 2
12 12 12 2
7 20 10 2
7 20 10 2
7 20 10 2
7 20 10 2
20 20 10 2
20 20 10 2
20 20 10 2
28 13 13 4
28 13 13 4
28 13 13 4
28 13 13 4
28 13 13 4
28 13 13 4
16 16 16 4
16 16 16 4
16 16 16 4
13 23 20 4
13 23 20 4
13 23 20 4
1 1 20 4
1 1 20 4
1 1 20 4
1 1 20 4
1 1 20 4
26 0 0 0
26 0 0 0
14 0 0 0
26 0 0 0
26 0 0 0
11 11 19 0
11 11 19 0
11 11 19 0
30 5 5 2
30 5 5 2
30 5 5 2
10 21 18 2
10 21 18 2
10 21 18 2
10 21 18 2
10 21 18 2
32 6 6 2
32 6 6 2
32 6 6 2
7 20 10 2
20 20 10 2
20 20 10 2
20 20 10 2
28 13 13 4
28 13 13 4
28 13 13 4
28 13 13 4
28 13 13 4
28 13 13 4
28 13 13 4
16 16 16 4
16 16 16 4
13 23 20 4
13 23 20 4
33 18 1 4
33 18 1 4
18 18 1 4
18 18 1 4
18 18 1 4
18 18 1 4
14 0 0 0
14 0 0 0
14 0 0 0
26 0 0 0
26 0 0 0
26 0 0 0
11 11 19 0
11 11 19 0
30 5 5 2
30 5 5 2
30 5 5 2
10 21 18 2
10 21 18 2
10 21 18 2
10 21 18 2
10 21 18 2
32 6 6 2
32 6 6 2
32 6 6 2
32 6 6 2
32 6 6 2
32 6 6 2
28 13 13 4
28 13 13 4
28 13 13 4
28 13 13 4
28 13 13 4
25 13 13 4
25 13 13 4
25 13 13 4
25 13 13 4
25 13 13 4
13 23 20 4
33 18 1 4
33 18 1 4
33 18 1 4
18 18 1 4
18 18 1 4
18 18 1 4
18 18 1 4
14 0 0 0
14 0 0 0
14 0 0 0
26 0 0 0
26 0 0 0
26 0 0 0
11 11 19 0
11 11 19 0
30 5 5 2
30 5 5 2
30 5 5 2
5 5 5 2
5 5 5 2
5 5 5 2
5 5 5 2
32 6 6 2
32 6 6 2
32 6 6 2
32 6 6 2
32 6 6 2
32 6 6 2
32 6 6 2
32 6 6 2
28 13 13 4
28 13 13 4
28 13 13 4
28 13 13 4
28 13 13 4
28 13 13 4
25 13 13 4
25 13 13 4
25 13 13 4
33 18 1 4
33 18 1 4
33 18 1 4
33 18 1 4
18 18 1 4
18 18 1 4
18 18 1 4
18 18 1 4
14 0 0 0
14 0 0 0
14 0 0 0
26 0 0 0
26 0 0 0
26 0 0 0
11 11 19 0
30 5 5 2
30 5 5 2
30 5 5 2
30 5 5 2
5 5 5 2
5 5 5 2
5 5 5 2
5 5 5 2
32 6 6 2
32 6 6 2
32 6 6 2
32 6 6 2
32 6 6 2
32 6 6 2
32 6 6 2
32 6 6 2
28 13 13 4
28 13 13 4
28 13 13 4
28 13 13 4
28 13 13 4
28 13 13 4
25 13 13 4
25 13 13 4
25 13 13 4
33 18 1 4
33 18 1 4
33 18 1 4
33 18 1 4
18 18 1 4
18 18 1 4
18 18 1 4
14 0 0 0
14 0 0 0
14 0 0 0
14 0 0 0
26 0 0 0
26 0 0 0
26 0 0 0
11 11 19 0
30 5 5 2
30 5 5 2
30 5 5 2
30 5 5 2
5 5 5 2
5 5 5 2
5 5 5 2
5 5 5 2
27 6 6 2
27 6 6 2
27 6 6 2
32 6 6 2
6 6 6 2
6 6 6 2
6 6 6 2
6 6 6 2
6 6 6 2
23 7 7 2
23 7 7 2
28 13 13 4
28 13 13 4
28 13 13 4
25 13 13 4
25 13 13 4
25 13 13 4
33 18 1 4
33 18 1 4
33 18 1 4
33 18 1 4
18 18 1 4
18 18 1 4
18 18 1 4
14 0 0 0
14 0 0 0
14 0 0 0
14 0 0 0
26 0 0 0
26 0 0 0
26 0 0 0
31 8 8 2
31 8 8 2
30 5 5 2
30 5 5 2
30 5 5 2
5 5 5 2
5 5 5 2
5 5 5 2
5 5 5 2
27 6 6 2
27 6 6 2
27 6 6 2
6 6 6 2
6 6 6 2
6 6 6 2
6 6 6 2
6 6 6 2
6 6 6 2
23 7 7 2
23 7 7 2
28 13 13 4
28 13 13 4
28 13 13 4
25 13 13 4
25 13 13 4
25 13 13 4
2 2 2 4
2 2 2 4
2 2 2 4
33 18 1 4
18 18 1 4
18 18 1 4
0 14 14 1
0 14 14 1
14 0 0 0
14 0 0 0
14 0 0 0
26 0 0 0
26 0 0 0
31 8 8 2
31 8 8 2
31 8 8 2
30 5 5 2
30 5 5 2
30 5 5 2
5 5 5 2
5 5 5 2
5 5 5 2
27 6 6 2
27 6 6 2
27 6 6 2
27 6 6 2
27 6 6 2
6 6 6 2
6 6 6 2
6 6 6 2
6 6 6 2
23 7 7 2
23 7 7 2
23 7 7 2
23 7 7 2
23 7 7 2
23 7 7 2
25 13 13 4
25 13 13 4
2 2 2 4
2 2 2 4
2 2 2 4
2 2 2 4
33 18 1 4
18 18 1 4
0 14 14 1
0 14 14 1
0 14 14 1
22 14 14 1
14 0 0 0
14 0 0 0
26 0 0 0
26 0 0 0
31 8 8 2
31 8 8 2
31 8 8 2
30 5 5 2
30 5 5 2
30 5 5 2
5 5 5 2
5 5 5 2
5 5 5 2
9 15 15 2
27 6 6 2
27 6 6 2
27 6 6 2
27 6 6 2
6 6 6 2
6 6 6 2
6 6 6 2
6 6 6 2
23 7 7 2
23 7 7 2
23 7 7 2
23 7 7 2
23 7 7 2
23 7 7 2
25 13 13 4
25 13 13 4
2 2 2 4
2 2 2 4
2 2 2 4
2 2 2 4
2 2 2 4
2 2 2 4
0 14 14 1
0 14 14 1
0 14 14 1
22 14 14 1
22 14 14 1
22 14 14 1
26 0 0 0
26 0 0 0
31 8 8 2
31 8 8 2
31 8 8 2
30 5 5 2
30 5 5 2
30 5 5 2
5 5 5 2
5 5 5 2
5 5 5 2
9 15 15 2
9 15 15 2
27 6 6 2
27 6 6 2
27 6 6 2
6 6 6 2
6 6 6 2
6 6 6 2
23 7 7 2
23 7 7 2
23 7 7 2
23 7 7 2
23 7 7 2
23 7 7 2
23 7 7 2
25 13 13 4
25 13 13 4
2 2 2 4
2 2 2 4
2 2 2 4
2 2 2 4
2 2 2 4
2 2 2 4
0 14 14 1
0 14 14 1
0 14 14 1
22 14 14 1
22 14 14 1
22 14 14 1
22 14 14 1
31 8 8 2
31 8 8 2
31 8 8 2
8 8 8 2
8 8 8 2
8 8 8 2
8 8 8 2
5 5 5 2
5 5 5 2
9 15 15 2
9 15 15 2
9 15 15 2
9 15 15 2
27 6 6 2
27 6 6 2
6 6 6 2
6 6 6 2
23 7 7 2
23 7 7 2
23 7 7 2
23 7 7 2
23 7 7 2
23 7 7 2
23 7 7 2
23 7 7 2
23 7 7 2
25 13 13 4
2 2 2 4
2 2 2 4
2 2 2 4
2 2 2 4
2 2 2 4
2 2 2 4
0 14 14 1
0 14 14 1
0 14 14 1
22 14 14 1
22 14 14 1
22 14 14 1
22 14 14 1
31 8 8 2
31 8 8 2
31 8 8 2
31 8 8 2
31 8 8 2
31 8 8 2
8 8 8 2
5 5 5 2
5 5 5 2
9 15 15 2
9 15 15 2
9 15 15 2
9 15 15 2
9 15 15 2
9 15 15 2
6 6 6 2
6 6 6 2
23 7 7 2
23 7 7 2
23 7 7 2
23 7 7 2
23 7 7 2
23 7 7 2
23 7 7 2
23 7 7 2
23 7 7 2
25 13 13 4
2 2 2 4
2 2 2 4
2 2 2 4
2 2 2 4
2 2 2 4
2 2 2 4
0 14 14 1
0 14 14 1
0 14 14 1
22 14 14 1
22 14 14 1
22 14 14 1
22 14 14 1
31 8 8 2
31 8 8 2
31 8 8 2
31 8 8 2
31 8 8 2
8 8 8 2
8 8 8 2
8 8 8 2
9 15 15 2
9 15 15 2
9 15 15 2
9 15 15 2
9 15 15 2
9 15 15 2
9 15 15 2
9 15 15 2
9 15 15 2
23 7 7 2
23 7 7 2
23 7 7 2
23 7 7 2
23 7 7 2
23 7 7 2
23 7 7 2
23 7 7 2
23 7 7 2
25 13 13 4
2 2 2 4
2 2 2 4
2 2 2 4
2 2 2 4
2 2 2 4
2 2 2 4
0 14 14 1
0 14 14 1
0 14 14 1
22 14 14 1
22 14 14 1
22 14 14 1
31 8 8 2
31 8 8 2
31 8 8 2
31 8 8 2
31 8 8 2
31 8 8 2
8 8 8 2
8 8 8 2
8 8 8 2
9 15 15 2
9 15 15 2
9 15 15 2
9 15 15 2
9 15 15 2
9 15 15 2
9 15 15 2
9 15 15 2
23 7 7 2
23 7 7 2
23 7 7 2
23 7 7 2
23 7 7 2
23 7 7 2
23 7 7 2
23 7 7 2
23 7 7 2
23 7 7 2
25 13 13 4
2 2 2 4
2 2 2 4
2 2 2 4
2 2 2 4
2 2 2 4
2 2 2 4
0 14 14 1
0 14 14 1
0 14 14 1
22 14 14 1
22 14 14 1
