17 17 17 4
17 17 17 4
21 19 11 4
21 19 11 4
21 19 11 4
19 25 4 3
19 25 4 3
19 25 4 3
19 25 4 3
19 25 4 3
29 4 4 3
29 4 4 3
4 4 4 3
4 4 4 3
4 4 4 3
4 4 4 3
24 9 9 4
20 20 10 0
20 20 10 0
3 3 3 2
3 3 3 2
3 3 3 2
3 3 3 2
3 3 3 2
3 3 3 2
16 16 16 0
16 16 16 0
16 16 16 0
16 16 16 0
16 16 16 0
16 16 16 0
13 23 20 0
13 23 20 0
17 17 17 4
17 17 17 4
17 17 17 4
17 17 17 4
17 17 17 4
17 17 17 4
17 17 17 4
17 17 17 4
17 17 17 4
21 19 11 4
21 19 11 4
21 19 11 4
19 25 4 3
19 25 4 3
19 25 4 3
19 25 4 3
19 25 4 3
29 4 4 3
29 4 4 3
4 4 4 3
4 4 4 3
4 4 4 3
4 4 4 3
24 9 9 4
20 20 10 0
20 20 10 0
3 3 3 2
3 3 3 2
3 3 3 2
3 3 3 2
3 3 3 2
3 3 3 2
16 16 16 0
16 16 16 0
16 16 16 0
16 16 16 0
16 16 16 0
16 16 16 0
13 23 20 0
13 23 20 0
17 17 17 4
17 17 17 4
17 17 17 4
17 17 17 4
17 17 17 4
17 17 17 4
17 17 17 4
17 17 17 4
17 17 17 4
21 19 11 4
21 19 11 4
21 19 11 4
19 25 4 3
19 25 4 3
19 25 4 3
19 25 4 3
19 25 4 3
29 4 4 3
29 4 4 3
4 4 4 3
4 4 4 3
24 9 9 4
24 9 9 4
24 9 9 4
20 20 10 0
20 20 10 0
3 3 3 2
3 3 3 2
3 3 3 2
3 3 3 2
3 3 3 2
3 3 3 2
16 16 16 0
16 16 16 0
16 16 16 0
16 16 16 0
16 16 16 0
16 16 16 0
13 23 20 0
13 23 20 0
17 17 17 4
17 17 17 4
17 17 17 4
17 17 17 4
17 17 17 4
17 17 17 4
17 17 17 4
17 17 17 4
17 17 17 4
21 19 11 4
21 19 11 4
21 19 11 4
21 19 11 4
19 25 4 3
19 25 4 3
19 25 4 3
15 12 12 1
15 12 12 1
29 4 4 3
4 4 4 3
24 9 9 4
24 9 9 4
24 9 9 4
24 9 9 4
7 20 10 0
20 20 10 0
20 20 10 0
20 20 10 0
20 20 10 0
20 20 10 0
28 13 13 0
28 13 13 0
16 16 16 0
16 16 16 0
16 16 16 0
16 16 16 0
16 16 16 0
16 16 16 0
13 23 20 0
13 23 20 0
13 23 20 0
17 17 17 4
17 17 17 4
17 17 17 4
17 17 17 4
17 17 17 4
17 17 17 4
21 19 11 4
21 19 11 4
21 19 11 4
21 19 11 4
21 19 11 4
21 19 11 4
19 25 4 3
19 25 4 3
19 25 4 3
15 12 12 1
15 12 12 1
12 12 12 1
24 9 9 4
24 9 9 4
24 9 9 4
24 9 9 4
24 9 9 4
7 20 10 0
20 20 10 0
20 20 10 0
20 20 10 0
20 20 10 0
20 20 10 0
28 13 13 0
28 13 13 0
28 13 13 0
16 16 16 0
16 16 16 0
16 16 16 0
16 16 16 0
13 23 20 0
13 23 20 0
13 23 20 0
13 23 20 0
1 1 20 0
17 17 17 4
17 17 17 4
17 17 17 4
17 17 17 4
17 17 17 4
17 17 17 4
21 19 11 4
21 19 11 4
21 19 11 4
21 19 11 4
11 11 19 4
19 25 4 3
19 25 4 3
15 12 12 1
15 12 12 1
15 12 12 1
12 12 12 1
12 12 12 1
24 9 9 4
24 9 9 4
24 9 9 4
7 20 10 0
7 20 10 0
20 20 10 0
20 20 10 0
20 20 10 0
20 20 10 0
20 20 10 0
28 13 13 0
28 13 13 0
28 13 13 0
16 16 16 0
16 16 16 0
16 16 16 0
16 16 16 0
13 23 20 0
13 23 20 0
13 23 20 0
13 23 20 0
1 1 20 0
1 1 20 0
17 17 17 4
17 17 17 4
17 17 17 4
17 17 17 4
17 17 17 4
21 19 11 4
21 19 11 4
21 19 11 4
21 19 11 4
11 11 19 4
11 11 19 4
19 25 4 3
15 12 12 1
15 12 12 1
15 12 12 1
12 12 12 1
12 12 12 1
12 12 12 1
24 9 9 4
24 9 9 4
7 20 10 0
7 20 10 0
20 20 10 0
20 20 10 0
20 20 10 0
20 20 10 0
20 20 10 0
28 13 13 0
28 13 13 0
28 13 13 0
28 13 13 0
16 16 16 0
16 16 16 0
13 23 20 0
13 23 20 0
13 23 20 0
13 23 20 0
13 23 20 0
1 1 20 0
1 1 20 0
17 17 17 4
17 17 17 4
17 17 17 4
17 17 17 4
14 0 0 4
11 11 19 4
11 11 19 4
11 11 19 4
11 11 19 4
11 11 19 4
11 11 19 4
11 11 19 4
15 12 12 1
15 12 12 1
15 12 12 1
12 12 12 1
12 12 12 1
12 12 12 1
24 9 9 4
7 20 10 0
7 20 10 0
7 20 10 0
20 20 10 0
20 20 10 0
20 20 10 0
20 20 10 0
20 20 10 0
28 13 13 0
28 13 13 0
28 13 13 0
25 13 13 0
16 16 16 0
16 16 16 0
13 23 20 0
13 23 20 0
13 23 20 0
13 23 20 0
1 1 20 0
1 1 20 0
1 1 20 0
1 1 20 0
17 17 17 4
17 17 17 4
14 0 0 4
14 0 0 4
11 11 19 4
11 11 19 4
11 11 19 4
11 11 19 4
11 11 19 4
11 11 19 4
11 11 19 4
10 21 18 1
10 21 18 1
15 12 12 1
12 12 12 1
12 12 12 1
12 12 12 1
7 20 10 0
7 20 10 0
7 20 10 0
7 20 10 0
20 20 10 0
20 20 10 0
20 20 10 0
20 20 10 0
28 13 13 0
28 13 13 0
28 13 13 0
28 13 13 0
25 13 13 0
25 13 13 0
16 16 16 0
13 23 20 0
13 23 20 0
13 23 20 0
1 1 20 0
1 1 20 0
1 1 20 0
1 1 20 0
1 1 20 0
1 1 20 0
17 17 17 4
14 0 0 4
14 0 0 4
11 11 19 4
11 11 19 4
11 11 19 4
11 11 19 4
11 11 19 4
11 11 19 4
11 11 19 4
10 21 18 1
10 21 18 1
10 21 18 1
12 12 12 1
12 12 12 1
12 12 12 1
7 20 10 0
7 20 10 0
7 20 10 0
7 20 10 0
20 20 10 0
20 20 10 0
20 20 10 0
20 20 10 0
28 13 13 0
28 13 13 0
28 13 13 0
28 13 13 0
25 13 13 0
25 13 13 0
25 13 13 0
13 23 20 0
13 23 20 0
13 23 20 0
1 1 20 0
1 1 20 0
1 1 20 0
1 1 20 0
1 1 20 0
1 1 20 0
14 0 0 4
14 0 0 4
14 0 0 4
11 11 19 4
11 11 19 4
11 11 19 4
11 11 19 4
11 11 19 4
11 11 19 4
11 11 19 4
10 21 18 1
10 21 18 1
10 21 18 1
10 21 18 1
10 21 18 1
10 21 18 1
7 20 10 0
7 20 10 0
7 20 10 0
7 20 10 0
20 20 10 0
20 20 10 0
20 20 10 0
20 20 10 0
28 13 13 0
28 13 13 0
28 13 13 0
28 13 13 0
25 13 13 0
25 13 13 0
25 13 13 0
25 13 13 0
13 23 20 0
13 23 20 0
1 1 20 0
1 1 20 0
1 1 20 0
1 1 20 0
1 1 20 0
1 1 20 0
14 0 0 4
14 0 0 4
14 0 0 4
14 0 0 4
11 11 19 4
11 11 19 4
11 11 19 4
11 11 19 4
11 11 19 4
10 21 18 1
10 21 18 1
10 21 18 1
10 21 18 1
10 21 18 1
10 21 18 1
10 21 18 1
32 6 6 0
32 6 6 0
32 6 6 0
7 20 10 0
20 20 10 0
20 20 10 0
20 20 10 0
28 13 13 0
28 13 13 0
28 13 13 0
28 13 13 0
28 13 13 0
25 13 13 0
25 13 13 0
25 13 13 0
25 13 13 0
25 13 13 0
13 23 20 0
33 18 1 0
33 18 1 0
18 18 1 0
18 18 1 0
18 18 1 0
18 18 1 0
14 0 0 4
14 0 0 4
14 0 0 4
14 0 0 4
11 11 19 4
11 11 19 4
11 11 19 4
11 11 19 4
11 11 19 4
30 5 5 1
30 5 5 1
10 21 18 1
10 21 18 1
10 21 18 1
10 21 18 1
32 6 6 0
32 6 6 0
32 6 6 0
32 6 6 0
32 6 6 0
20 20 10 0
20 20 10 0
20 20 10 0
28 13 13 0
28 13 13 0
28 13 13 0
28 13 13 0
28 13 13 0
25 13 13 0
25 13 13 0
25 13 13 0
25 13 13 0
25 13 13 0
33 18 1 0
33 18 1 0
33 18 1 0
18 18 1 0
18 18 1 0
18 18 1 0
18 18 1 0
14 0 0 4
14 0 0 4
14 0 0 4
14 0 0 4
11 11 19 4
11 11 19 4
11 11 19 4
11 11 19 4
30 5 5 1
30 5 5 1
30 5 5 1
5 5 5 1
5 5 5 1
5 5 5 1
5 5 5 1
32 6 6 0
32 6 6 0
32 6 6 0
32 6 6 0
32 6 6 0
6 6 6 0
20 20 10 0
20 20 10 0
28 13 13 0
28 13 13 0
28 13 13 0
28 13 13 0
28 13 13 0
25 13 13 0
25 13 13 0
25 13 13 0
25 13 13 0
33 18 1 0
33 18 1 0
33 18 1 0
33 18 1 0
18 18 1 0
18 18 1 0
18 18 1 0
18 18 1 0
14 0 0 4
14 0 0 4
26 0 0 4
26 0 0 4
26 0 0 4
26 0 0 4
11 11 19 4
11 11 19 4
30 5 5 1
30 5 5 1
30 5 5 1
5 5 5 1
5 5 5 1
5 5 5 1
5 5 5 1
32 6 6 0
32 6 6 0
32 6 6 0
32 6 6 0
32 6 6 0
6 6 6 0
6 6 6 0
6 6 6 0
6 6 6 0
28 13 13 0
28 13 13 0
28 13 13 0
28 13 13 0
25 13 13 0
25 13 13 0
25 13 13 0
33 18 1 0
33 18 1 0
33 18 1 0
33 18 1 0
33 18 1 0
18 18 1 0
18 18 1 0
18 18 1 0
0 14 14 4
14 0 0 4
14 0 0 4
14 0 0 4
14 0 0 4
14 0 0 4
14 0 0 4
11 11 19 4
11 11 19 4
30 5 5 1
30 5 5 1
30 5 5 1
5 5 5 1
5 5 5 1
5 5 5 1
5 5 5 1
27 6 6 0
27 6 6 0
27 6 6 0
32 6 6 0
6 6 6 0
6 6 6 0
6 6 6 0
6 6 6 0
6 6 6 0
28 13 13 0
28 13 13 0
28 13 13 0
28 13 13 0
25 13 13 0
25 13 13 0
25 13 13 0
25 13 13 0
33 18 1 0
33 18 1 0
33 18 1 0
33 18 1 0
18 18 1 0
18 18 1 0
0 14 14 4
0 14 14 4
14 0 0 4
14 0 0 4
14 0 0 4
14 0 0 4
14 0 0 4
31 8 8 1
31 8 8 1
31 8 8 1
30 5 5 1
30 5 5 1
30 5 5 1
5 5 5 1
5 5 5 1
5 5 5 1
27 6 6 0
27 6 6 0
27 6 6 0
27 6 6 0
6 6 6 0
6 6 6 0
6 6 6 0
6 6 6 0
6 6 6 0
6 6 6 0
28 13 13 0
28 13 13 0
28 13 13 0
28 13 13 0
25 13 13 0
25 13 13 0
25 13 13 0
25 13 13 0
2 2 2 0
2 2 2 0
2 2 2 0
33 18 1 0
18 18 1 0
18 18 1 0
0 14 14 4
0 14 14 4
22 14 14 4
14 0 0 4
14 0 0 4
14 0 0 4
31 8 8 1
31 8 8 1
31 8 8 1
31 8 8 1
8 8 8 1
8 8 8 1
30 5 5 1
5 5 5 1
5 5 5 1
5 5 5 1
27 6 6 0
27 6 6 0
27 6 6 0
27 6 6 0
27 6 6 0
6 6 6 0
6 6 6 0
6 6 6 0
6 6 6 0
6 6 6 0
23 7 7 0
23 7 7 0
23 7 7 0
28 13 13 0
25 13 13 0
25 13 13 0
25 13 13 0
2 2 2 0
2 2 2 0
2 2 2 0
2 2 2 0
33 18 1 0
18 18 1 0
0 14 14 4
0 14 14 4
0 14 14 4
22 14 14 4
14 0 0 4
22 14 14 4
22 14 14 4
31 8 8 1
31 8 8 1
31 8 8 1
31 8 8 1
8 8 8 1
8 8 8 1
8 8 8 1
5 5 5 1
5 5 5 1
5 5 5 1
27 6 6 0
27 6 6 0
27 6 6 0
27 6 6 0
27 6 6 0
6 6 6 0
6 6 6 0
6 6 6 0
6 6 6 0
6 6 6 0
23 7 7 0
23 7 7 0
23 7 7 0
28 13 13 0
25 13 13 0
25 13 13 0
2 2 2 0
2 2 2 0
2 2 2 0
2 2 2 0
2 2 2 0
2 2 2 0
2 2 2 0
0 14 14 4
0 14 14 4
0 14 14 4
22 14 14 4
22 14 14 4
22 14 14 4
22 14 14 4
31 8 8 1
31 8 8 1
31 8 8 1
31 8 8 1
8 8 8 1
8 8 8 1
8 8 8 1
8 8 8 1
8 8 8 1
9 15 15 1
9 15 15 1
9 15 15 1
27 6 6 0
27 6 6 0
27 6 6 0
6 6 6 0
6 6 6 0
6 6 6 0
6 6 6 0
6 6 6 0
23 7 7 0
23 7 7 0
23 7 7 0
23 7 7 0
25 13 13 0
25 13 13 0
2 2 2 0
2 2 2 0
2 2 2 0
2 2 2 0
2 2 2 0
2 2 2 0
2 2 2 0
0 14 14 4
0 14 14 4
0 14 14 4
22 14 14 4
22 14 14 4
22 14 14 4
22 14 14 4
31 8 8 1
31 8 8 1
31 8 8 1
31 8 8 1
8 8 8 1
8 8 8 1
8 8 8 1
8 8 8 1
8 8 8 1
9 15 15 1
9 15 15 1
9 15 15 1
9 15 15 1
27 6 6 0
27 6 6 0
6 6 6 0
6 6 6 0
6 6 6 0
6 6 6 0
23 7 7 0
23 7 7 0
23 7 7 0
23 7 7 0
23 7 7 0
23 7 7 0
23 7 7 0
2 2 2 0
2 2 2 0
2 2 2 0
2 2 2 0
2 2 2 0
2 2 2 0
2 2 2 0
0 14 14 4
0 14 14 4
0 14 14 4
22 14 14 4
22 14 14 4
22 14 14 4
22 14 14 4
31 8 8 1
31 8 8 1
31 8 8 1
31 8 8 1
31 8 8 1
8 8 8 1
8 8 8 1
8 8 8 1
8 8 8 1
9 15 15 1
9 15 15 1
9 15 15 1
9 15 15 1
9 15 15 1
27 6 6 0
6 6 6 0
6 6 6 0
6 6 6 0
6 6 6 0
23 7 7 0
23 7 7 0
23 7 7 0
23 7 7 0
23 7 7 0
23 7 7 0
23 7 7 0
23 7 7 0
2 2 2 0
2 2 2 0
2 2 2 0
2 2 2 0
2 2 2 0
2 2 2 0
0 14 14 4
0 14 14 4
0 14 14 4
22 14 14 4
22 14 14 4
22 14 14 4
22 14 14 4
31 8 8 1
31 8 8 1
31 8 8 1
31 8 8 1
31 8 8 1
8 8 8 1
8 8 8 1
8 8 8 1
9 15 15 1
9 15 15 1
9 15 15 1
9 15 15 1
9 15 15 1
9 15 15 1
9 15 15 1
6 6 6 0
6 6 6 0
6 6 6 0
23 7 7 0
23 7 7 0
23 7 7 0
23 7 7 0
23 7 7 0
23 7 7 0
23 7 7 0
23 7 7 0
23 7 7 0
2 2 2 0
2 2 2 0
2 2 2 0
2 2 2 0
2 2 2 0
2 2 2 0
0 14 14 4
0 14 14 4
0 14 14 4
22 14 14 4
22 14 14 4
22 14 14 4
22 14 14 4
31 8 8 1
31 8 8 1
31 8 8 1
31 8 8 1
31 8 8 1
8 8 8 1
8 8 8 1
8 8 8 1
9 15 15 1
9 15 15 1
9 15 15 1
9 15 15 1
9 15 15 1
9 15 15 1
9 15 15 1
6 6 6 0
6 6 6 0
6 6 6 0
6 6 6 0
23 7 7 0
23 7 7 0
23 7 7 0
23 7 7 0
23 7 7 0
23 7 7 0
23 7 7 0
23 7 7 0
2 2 2 0
2 2 2 0
2 2 2 0
2 2 2 0
2 2 2 0
2 2 2 0
0 14 14 4
0 14 14 4
0 14 14 4
22 14 14 4
22 14 14 4
