17 17 17 2
21 19 11 2
21 19 11 2
21 19 11 2
21 19 11 2
19 25 4 2
19 25 4 2
19 25 4 2
19 25 4 2
29 4 4 4
29 4 4 4
29 4 4 4
4 4 4 4
4 4 4 4
24 9 9 4
24 9 9 4
24 9 9 4
24 9 9 4
3 3 3 4
3 3 3 4
3 3 3 4
3 3 3 4
3 3 3 4
3 3 3 4
3 3 3 4
3 3 3 4
16 16 16 3
16 16 16 3
16 16 16 3
16 16 16 3
16 16 16 3
13 23 20 0
13 23 20 0
1 1 20 0
1 1 20 0
17 17 17 2
17 17 17 2
17 17 17 2
17 17 17 2
17 17 17 2
17 17 17 2
21 19 11 2
21 19 11 2
21 19 11 2
21 19 11 2
19 25 4 2
19 25 4 2
19 25 4 2
19 25 4 2
29 4 4 4
29 4 4 4
29 4 4 4
4 4 4 4
4 4 4 4
24 9 9 4
24 9 9 4
24 9 9 4
24 9 9 4
3 3 3 4
3 3 3 4
3 3 3 4
3 3 3 4
3 3 3 4
3 3 3 4
3 3 3 4
3 3 3 4
16 16 16 3
16 16 16 3
16 16 16 3
16 16 16 3
16 16 16 3
13 23 20 0
13 23 20 0
1 1 20 0
1 1 20 0
17 17 17 2
17 17 17 2
17 17 17 2
17 17 17 2
17 17 17 2
17 17 17 2
21 19 11 2
21 19 11 2
21 19 11 2
21 19 11 2
19 25 4 2
19 25 4 2
19 25 4 2
19 25 4 2
19 25 4 2
29 4 4 4
29 4 4 4
4 4 4 4
4 4 4 4
24 9 9 4
24 9 9 4
24 9 9 4
24 9 9 4
3 3 3 4
3 3 3 4
3 3 3 4
3 3 3 4
3 3 3 4
3 3 3 4
3 3 3 4
16 16 16 3
16 16 16 3
16 16 16 3
16 16 16 3
16 16 16 3
16 16 16 3
13 23 20 0
13 23 20 0
1 1 20 0
1 1 20 0
17 17 17 2
17 17 17 2
17 17 17 2
17 17 17 2
17 17 17 2
17 17 17 2
21 19 11 2
21 19 11 2
21 19 11 2
21 19 11 2
21 19 11 2
19 25 4 2
19 25 4 2
19 25 4 2
15 12 12 2
15 12 12 2
29 4 4 4
4 4 4 4
24 9 9 4
24 9 9 4
24 9 9 4
24 9 9 4
24 9 9 4
20 20 10 4
20 20 10 4
3 3 3 4
3 3 3 4
3 3 3 4
3 3 3 4
16 16 16 3
16 16 16 3
16 16 16 3
16 16 16 3
16 16 16 3
16 16 16 3
16 16 16 3
13 23 20 0
13 23 20 0
1 1 20 0
1 1 20 0
1 1 20 0
1 1 20 0
1 1 20 0
17 17 17 2
17 17 17 2
21 19 11 2
21 19 11 2
21 19 11 2
21 19 11 2
21 19 11 2
21 19 11 2
19 25 4 2
19 25 4 2
19 25 4 2
15 12 12 2
15 12 12 2
12 12 12 2
4 4 4 4
24 9 9 4
24 9 9 4
24 9 9 4
24 9 9 4
24 9 9 4
20 20 10 4
20 20 10 4
3 3 3 4
3 3 3 4
3 3 3 4
3 3 3 4
3 3 3 4
16 16 16 3
16 16 16 3
16 16 16 3
16 16 16 3
16 16 16 3
13 23 20 0
13 23 20 0
13 23 20 0
1 1 20 0
1 1 20 0
1 1 20 0
1 1 20 0
1 1 20 0
17 17 17 2
17 17 17 2
21 19 11 2
21 19 11 2
21 19 11 2
21 19 11 2
21 19 11 2
21 19 11 2
19 25 4 2
19 25 4 2
15 12 12 2
15 12 12 2
15 12 12 2
12 12 12 2
12 12 12 2
24 9 9 4
24 9 9 4
24 9 9 4
24 9 9 4
24 9 9 4
20 20 10 4
20 20 10 4
20 20 10 4
3 3 3 4
3 3 3 4
3 3 3 4
3 3 3 4
16 16 16 3
16 16 16 3
16 16 16 3
16 16 16 3
16 16 16 3
13 23 20 0
13 23 20 0
13 23 20 0
1 1 20 0
1 1 20 0
1 1 20 0
1 1 20 0
1 1 20 0
17 17 17 2
17 17 17 2
14 0 0 2
21 19 11 2
21 19 11 2
21 19 11 2
21 19 11 2
11 11 19 2
11 11 19 2
19 25 4 2
15 12 12 2
15 12 12 2
15 12 12 2
12 12 12 2
12 12 12 2
24 9 9 4
24 9 9 4
24 9 9 4
24 9 9 4
20 20 10 4
20 20 10 4
20 20 10 4
20 20 10 4
3 3 3 4
3 3 3 4
3 3 3 4
28 13 13 1
28 13 13 1
16 16 16 3
16 16 16 3
16 16 16 3
13 23 20 0
13 23 20 0
13 23 20 0
13 23 20 0
1 1 20 0
1 1 20 0
1 1 20 0
1 1 20 0
1 1 20 0
17 17 17 2
17 17 17 2
14 0 0 2
21 19 11 2
21 19 11 2
21 19 11 2
11 11 19 2
11 11 19 2
11 11 19 2
11 11 19 2
15 12 12 2
15 12 12 2
15 12 12 2
12 12 12 2
12 12 12 2
24 9 9 4
24 9 9 4
24 9 9 4
20 20 10 4
20 20 10 4
20 20 10 4
20 20 10 4
20 20 10 4
20 20 10 4
20 20 10 4
28 13 13 1
28 13 13 1
28 13 13 1
25 13 13 1
16 16 16 3
16 16 16 3
13 23 20 0
13 23 20 0
13 23 20 0
13 23 20 0
1 1 20 0
1 1 20 0
1 1 20 0
1 1 20 0
1 1 20 0
1 1 20 0
14 0 0 2
14 0 0 2
26 0 0 2
21 19 11 2
11 11 19 2
11 11 19 2
11 11 19 2
11 11 19 2
11 11 19 2
10 21 18 2
10 21 18 2
15 12 12 2
12 12 12 2
12 12 12 2
24 9 9 4
24 9 9 4
24 9 9 4
7 10 3 4
7 10 3 4
7 10 3 4
20 20 10 4
20 20 10 4
20 20 10 4
20 20 10 4
28 13 13 1
28 13 13 1
28 13 13 1
25 13 13 1
25 13 13 1
16 16 16 3
13 23 20 0
13 23 20 0
13 23 20 0
1 1 20 0
1 1 20 0
1 1 20 0
1 1 20 0
1 1 20 0
1 1 20 0
1 1 20 0
14 0 0 2
14 0 0 2
26 0 0 2
11 11 19 2
11 11 19 2
11 11 19 2
11 11 19 2
11 11 19 2
11 11 19 2
10 21 18 2
10 21 18 2
10 21 18 2
12 12 12 2
12 12 12 2
24 9 9 4
24 9 9 4
27 6 6 4
27 6 6 4
20 20 10 4
20 20 10 4
20 20 10 4
20 20 10 4
20 20 10 4
28 13 13 1
28 13 13 1
28 13 13 1
28 13 13 1
25 13 13 1
25 13 13 1
25 13 13 1
13 23 20 0
13 23 20 0
13 23 20 0
1 1 20 0
1 1 20 0
1 1 20 0
1 1 20 0
1 1 20 0
1 1 20 0
14 0 0 2
14 0 0 2
14 0 0 2
26 0 0 2
26 0 0 2
11 11 19 2
11 11 19 2
11 11 19 2
11 11 19 2
10 21 18 2
10 21 18 2
10 21 18 2
10 21 18 2
12 12 12 2
12 12 12 2
24 9 9 4
24 9 9 4
27 6 6 4
27 6 6 4
27 6 6 4
20 20 10 4
20 20 10 4
20 20 10 4
20 20 10 4
28 13 13 1
28 13 13 1
28 13 13 1
28 13 13 1
25 13 13 1
25 13 13 1
25 13 13 1
25 13 13 1
13 23 20 0
13 23 20 0
1 1 20 0
1 1 20 0
1 1 20 0
1 1 20 0
1 1 20 0
1 1 20 0
14 0 0 2
14 0 0 2
14 0 0 2
26 0 0 2
26 0 0 2
11 11 19 2
11 11 19 2
11 11 19 2
11 11 19 2
10 21 18 2
10 21 18 2
10 21 18 2
10 21 18 2
10 21 18 2
10 21 18 2
27 6 6 4
27 6 6 4
27 6 6 4
27 6 6 4
27 6 6 4
20 20 10 4
20 20 10 4
20 20 10 4
28 13 13 1
28 13 13 1
28 13 13 1
28 13 13 1
28 13 13 1
25 13 13 1
25 13 13 1
25 13 13 1
25 13 13 1
13 23 20 0
13 23 20 0
33 18 1 0
33 18 1 0
18 18 1 0
18 18 1 0
18 18 1 0
18 18 1 0
14 0 0 2
14 0 0 2
14 0 0 2
26 0 0 2
26 0 0 2
26 0 0 2
11 11 19 2
11 11 19 2
11 11 19 2
30 5 5 2
30 5 5 2
10 21 18 2
10 21 18 2
10 21 18 2
10 21 18 2
27 6 6 4
27 6 6 4
27 6 6 4
27 6 6 4
27 6 6 4
20 20 10 4
20 20 10 4
20 20 10 4
20 20 10 4
28 13 13 1
28 13 13 1
28 13 13 1
28 13 13 1
25 13 13 1
25 13 13 1
25 13 13 1
25 13 13 1
33 18 1 0
33 18 1 0
33 18 1 0
33 18 1 0
18 18 1 0
18 18 1 0
18 18 1 0
18 18 1 0
14 0 0 2
14 0 0 2
14 0 0 2
26 0 0 2
26 0 0 2
26 0 0 2
26 0 0 2
11 11 19 2
30 5 5 2
30 5 5 2
30 5 5 2
5 5 5 2
5 5 5 2
5 5 5 2
27 6 6 4
27 6 6 4
27 6 6 4
27 6 6 4
27 6 6 4
27 6 6 4
20 20 10 4
20 20 10 4
20 20 10 4
20 20 10 4
28 13 13 1
28 13 13 1
28 13 13 1
28 13 13 1
25 13 13 1
25 13 13 1
25 13 13 1
25 13 13 1
33 18 1 0
33 18 1 0
33 18 1 0
33 18 1 0
18 18 1 0
18 18 1 0
18 18 1 0
18 18 1 0
14 0 0 2
14 0 0 2
14 0 0 2
26 0 0 2
26 0 0 2
26 0 0 2
26 0 0 2
30 5 5 2
30 5 5 2
30 5 5 2
30 5 5 2
5 5 5 2
5 5 5 2
5 5 5 2
5 5 5 2
27 6 6 4
27 6 6 4
27 6 6 4
32 6 6 4
32 6 6 4
32 6 6 4
6 6 6 4
6 6 6 4
6 6 6 4
28 13 13 1
28 13 13 1
28 13 13 1
28 13 13 1
25 13 13 1
25 13 13 1
25 13 13 1
33 18 1 0
33 18 1 0
33 18 1 0
33 18 1 0
33 18 1 0
18 18 1 0
18 18 1 0
18 18 1 0
18 18 1 0
14 0 0 2
14 0 0 2
14 0 0 2
26 0 0 2
26 0 0 2
26 0 0 2
26 0 0 2
30 5 5 2
30 5 5 2
30 5 5 2
30 5 5 2
5 5 5 2
5 5 5 2
5 5 5 2
5 5 5 2
27 6 6 4
27 6 6 4
27 6 6 4
27 6 6 4
27 6 6 4
6 6 6 4
6 6 6 4
6 6 6 4
6 6 6 4
6 6 6 4
28 13 13 1
28 13 13 1
28 13 13 1
25 13 13 1
25 13 13 1
25 13 13 1
33 18 1 0
33 18 1 0
33 18 1 0
33 18 1 0
33 18 1 0
18 18 1 0
18 18 1 0
18 18 1 0
14 0 0 2
14 0 0 2
14 0 0 2
14 0 0 2
26 0 0 2
26 0 0 2
26 0 0 2
26 0 0 2
31 8 8 2
30 5 5 2
30 5 5 2
30 5 5 2
5 5 5 2
5 5 5 2
5 5 5 2
27 6 6 4
27 6 6 4
27 6 6 4
27 6 6 4
6 6 6 4
6 6 6 4
6 6 6 4
6 6 6 4
6 6 6 4
6 6 6 4
23 7 7 1
23 7 7 1
28 13 13 1
28 13 13 1
25 13 13 1
25 13 13 1
25 13 13 1
2 2 2 0
2 2 2 0
2 2 2 0
2 2 2 0
33 18 1 0
18 18 1 0
18 18 1 0
18 18 1 0
14 0 0 2
14 0 0 2
14 0 0 2
14 0 0 2
26 0 0 2
26 0 0 2
26 0 0 2
31 8 8 2
31 8 8 2
8 8 8 2
8 8 8 2
30 5 5 2
5 5 5 2
5 5 5 2
5 5 5 2
27 6 6 4
27 6 6 4
27 6 6 4
27 6 6 4
27 6 6 4
27 6 6 4
27 6 6 4
6 6 6 4
6 6 6 4
6 6 6 4
23 7 7 1
23 7 7 1
23 7 7 1
28 13 13 1
25 13 13 1
25 13 13 1
2 2 2 0
2 2 2 0
2 2 2 0
2 2 2 0
2 2 2 0
33 18 1 0
18 18 1 0
18 18 1 0
18 18 1 0
14 0 0 2
14 0 0 2
14 0 0 2
14 0 0 2
26 0 0 2
26 0 0 2
26 0 0 2
31 8 8 2
31 8 8 2
8 8 8 2
8 8 8 2
8 8 8 2
5 5 5 2
5 5 5 2
9 15 15 4
9 15 15 4
9 15 15 4
27 6 6 4
27 6 6 4
27 6 6 4
27 6 6 4
27 6 6 4
6 6 6 4
6 6 6 4
23 7 7 1
23 7 7 1
23 7 7 1
23 7 7 1
23 7 7 1
25 13 13 1
2 2 2 0
2 2 2 0
2 2 2 0
2 2 2 0
2 2 2 0
2 2 2 0
2 2 2 0
18 18 1 0
18 18 1 0
18 18 1 0
22 14 14 2
22 14 14 2
22 14 14 2
14 0 0 2
26 0 0 2
26 0 0 2
31 8 8 2
31 8 8 2
31 8 8 2
8 8 8 2
8 8 8 2
8 8 8 2
8 8 8 2
8 8 8 2
9 15 15 4
9 15 15 4
9 15 15 4
27 6 6 4
27 6 6 4
27 6 6 4
27 6 6 4
27 6 6 4
6 6 6 4
6 6 6 4
23 7 7 1
23 7 7 1
23 7 7 1
23 7 7 1
23 7 7 1
23 7 7 1
2 2 2 0
2 2 2 0
2 2 2 0
2 2 2 0
2 2 2 0
2 2 2 0
2 2 2 0
2 2 2 0
0 14 14 2
0 14 14 2
0 14 14 2
0 14 14 2
22 14 14 2
22 14 14 2
22 14 14 2
31 8 8 2
31 8 8 2
31 8 8 2
31 8 8 2
8 8 8 2
8 8 8 2
8 8 8 2
8 8 8 2
8 8 8 2
9 15 15 4
9 15 15 4
9 15 15 4
27 6 6 4
27 6 6 4
27 6 6 4
27 6 6 4
27 6 6 4
6 6 6 4
23 7 7 1
23 7 7 1
23 7 7 1
23 7 7 1
23 7 7 1
23 7 7 1
23 7 7 1
23 7 7 1
2 2 2 0
2 2 2 0
2 2 2 0
2 2 2 0
2 2 2 0
2 2 2 0
2 2 2 0
0 14 14 2
22 14 14 2
22 14 14 2
22 14 14 2
22 14 14 2
22 14 14 2
22 14 14 2
31 8 8 2
31 8 8 2
31 8 8 2
31 8 8 2
31 8 8 2
8 8 8 2
8 8 8 2
8 8 8 2
9 15 15 4
9 15 15 4
9 15 15 4
9 15 15 4
9 15 15 4
27 6 6 4
27 6 6 4
27 6 6 4
27 6 6 4
6 6 6 4
23 7 7 1
23 7 7 1
23 7 7 1
23 7 7 1
23 7 7 1
23 7 7 1
23 7 7 1
23 7 7 1
2 2 2 0
2 2 2 0
2 2 2 0
2 2 2 0
2 2 2 0
2 2 2 0
2 2 2 0
0 14 14 2
0 14 14 2
22 14 14 2
22 14 14 2
22 14 14 2
22 14 14 2
22 14 14 2
31 8 8 2
31 8 8 2
31 8 8 2
31 8 8 2
31 8 8 2
8 8 8 2
8 8 8 2
8 8 8 2
9 15 15 4
9 15 15 4
9 15 15 4
9 15 15 4
9 15 15 4
27 6 6 4
27 6 6 4
27 6 6 4
27 6 6 4
6 6 6 4
23 7 7 1
23 7 7 1
23 7 7 1
23 7 7 1
23 7 7 1
23 7 7 1
23 7 7 1
23 7 7 1
23 7 7 1
2 2 2 0
2 2 2 0
2 2 2 0
2 2 2 0
2 2 2 0
2 2 2 0
0 14 14 2
0 14 14 2
22 14 14 2
22 14 14 2
22 14 14 2
22 14 14 2
22 14 14 2
31 8 8 2
31 8 8 2
31 8 8 2
31 8 8 2
31 8 8 2
8 8 8 2
8 8 8 2
8 8 8 2
9 15 15 4
9 15 15 4
9 15 15 4
9 15 15 4
9 15 15 4
27 6 6 4
27 6 6 4
27 6 6 4
27 6 6 4
6 6 6 4
23 7 7 1
23 7 7 1
23 7 7 1
23 7 7 1
23 7 7 1
23 7 7 1
23 7 7 1
23 7 7 1
23 7 7 1
2 2 2 0
2 2 2 0
2 2 2 0
2 2 2 0
2 2 2 0
2 2 2 0
0 14 14 2
0 14 14 2
22 14 14 2
22 14 14 2
22 14 14 2
