17 17 17 4
17 17 17 4
21 19 11 3
21 19 11 3
21 19 11 3
19 25 4 2
19 25 4 2
19 25 4 2
19 25 4 2
15 12 12 2
15 12 12 2
15 12 12 2
24 9 9 2
24 9 9 2
24 9 9 2
24 9 9 2
24 9 9 2
24 9 9 2
3 3 3 2
3 3 3 2
3 3 3 2
3 3 3 2
3 3 3 2
3 3 3 2
3 3 3 2
16 16 16 4
16 16 16 4
16 16 16 4
16 16 16 4
16 16 16 4
13 23 20 4
13 23 20 4
1 1 20 4
1 1 20 4
1 1 20 4
17 17 17 4
17 17 17 4
17 17 17 4
17 17 17 4
17 17 17 4
17 17 17 4
21 19 11 3
21 19 11 3
21 19 11 3
21 19 11 3
19 25 4 2
19 25 4 2
19 25 4 2
19 25 4 2
15 12 12 2
15 12 12 2
4 4 4 2
4 4 4 2
4 4 4 2
24 9 9 2
24 9 9 2
24 9 9 2
24 9 9 2
3 3 3 2
3 3 3 2
3 3 3 2
3 3 3 2
3 3 3 2
3 3 3 2
3 3 3 2
16 16 16 4
16 16 16 4
16 16 16 4
16 16 16 4
16 16 16 4
13 23 20 4
13 23 20 4
1 1 20 4
1 1 20 4
1 1 20 4
17 17 17 4
17 17 17 4
17 17 17 4
17 17 17 4
17 17 17 4
17 17 17 4
21 19 11 3
21 19 11 3
21 19 11 3
21 19 11 3
19 25 4 2
19 25 4 2
19 25 4 2
19 25 4 2
15 12 12 2
15 12 12 2
29 12 12 2
29 12 12 2
24 9 9 2
24 9 9 2
24 9 9 2
24 9 9 2
24 9 9 2
20 20 10 2
3 3 3 2
3 3 3 2
3 3 3 2
3 3 3 2
3 3 3 2
3 3 3 2
16 16 16 4
16 16 16 4
16 16 16 4
16 16 16 4
16 16 16 4
13 23 20 4
13 23 20 4
1 1 20 4
1 1 20 4
1 1 20 4
17 17 17 4
17 17 17 4
17 17 17 4
17 17 17 4
17 17 17 4
17 17 17 4
21 19 11 3
21 19 11 3
21 19 11 3
21 19 11 3
19 25 4 2
19 25 4 2
19 25 4 2
19 25 4 2
15 12 12 2
15 12 12 2
15 12 12 2
24 9 9 2
24 9 9 2
24 9 9 2
24 9 9 2
24 9 9 2
7 20 10 2
20 20 10 2
3 3 3 2
3 3 3 2
3 3 3 2
3 3 3 2
3 3 3 2
16 16 16 4
16 16 16 4
16 16 16 4
16 16 16 4
16 16 16 4
16 16 16 4
13 23 20 4
13 23 20 4
1 1 20 4
1 1 20 4
1 1 20 4
1 1 20 4
17 17 17 4
17 17 17 4
17 17 17 4
17 17 17 4
21 19 11 3
21 19 11 3
21 19 11 3
21 19 11 3
21 19 11 3
21 19 11 3
19 25 4 2
19 25 4 2
19 25 4 2
15 12 12 2
15 12 12 2
15 12 12 2
24 9 9 2
24 9 9 2
24 9 9 2
24 9 9 2
24 9 9 2
7 20 10 2
20 20 10 2
20 20 10 2
3 3 3 2
3 3 3 2
3 3 3 2
3 3 3 2
16 16 16 4
16 16 16 4
16 16 16 4
16 16 16 4
16 16 16 4
16 16 16 4
13 23 20 4
13 23 20 4
1 1 20 4
1 1 20 4
1 1 20 4
1 1 20 4
17 17 17 4
17 17 17 4
17 17 17 4
17 17 17 4
21 19 11 3
21 19 11 3
21 19 11 3
21 19 11 3
21 19 11 3
21 19 11 3
19 25 4 2
19 25 4 2
15 12 12 2
15 12 12 2
15 12 12 2
15 12 12 2
15 12 12 2
24 9 9 2
24 9 9 2
24 9 9 2
24 9 9 2
7 20 10 2
20 20 10 2
20 20 10 2
20 20 10 2
3 3 3 2
3 3 3 2
3 3 3 2
16 16 16 4
16 16 16 4
16 16 16 4
16 16 16 4
16 16 16 4
16 16 16 4
13 23 20 4
13 23 20 4
1 1 20 4
1 1 20 4
1 1 20 4
1 1 20 4
17 17 17 4
17 17 17 4
17 17 17 4
17 17 17 4
21 19 11 3
21 19 11 3
21 19 11 3
21 19 11 3
21 19 11 3
11 11 19 4
11 11 19 4
19 25 4 2
15 12 12 2
15 12 12 2
15 12 12 2
12 12 12 2
12 12 12 2
24 9 9 2
24 9 9 2
24 9 9 2
7 20 10 2
7 20 10 2
20 20 10 2
20 20 10 2
20 20 10 2
20 20 10 2
20 20 10 2
20 20 10 2
28 13 13 0
28 13 13 0
16 16 16 4
16 16 16 4
16 16 16 4
13 23 20 4
13 23 20 4
13 23 20 4
13 23 20 4
1 1 20 4
1 1 20 4
1 1 20 4
1 1 20 4
17 17 17 4
17 17 17 4
17 17 17 4
21 19 11 3
21 19 11 3
21 19 11 3
21 19 11 3
11 11 19 4
11 11 19 4
11 11 19 4
19 25 4 2
10 21 18 0
10 21 18 0
15 12 12 2
15 12 12 2
15 12 12 2
24 9 9 2
24 9 9 2
24 9 9 2
7 20 10 2
7 20 10 2
20 20 10 2
20 20 10 2
20 20 10 2
20 20 10 2
20 20 10 2
28 13 13 0
28 13 13 0
28 13 13 0
25 13 13 0
16 16 16 4
16 16 16 4
13 23 20 4
13 23 20 4
13 23 20 4
1 1 20 4
1 1 20 4
1 1 20 4
1 1 20 4
1 1 20 4
17 17 17 4
17 17 17 4
17 17 17 4
14 0 0 1
11 11 19 4
11 11 19 4
11 11 19 4
11 11 19 4
11 11 19 4
11 11 19 4
11 11 19 4
10 21 18 0
10 21 18 0
15 12 12 2
15 12 12 2
15 12 12 2
24 9 9 2
24 9 9 2
7 20 10 2
7 20 10 2
7 20 10 2
20 20 10 2
20 20 10 2
20 20 10 2
20 20 10 2
20 20 10 2
28 13 13 0
28 13 13 0
28 13 13 0
25 13 13 0
25 13 13 0
16 16 16 4
13 23 20 4
13 23 20 4
13 23 20 4
1 1 20 4
1 1 20 4
1 1 20 4
1 1 20 4
1 1 20 4
1 1 20 4
1 1 20 4
1 1 20 4
14 0 0 1
11 11 19 4
11 11 19 4
11 11 19 4
11 11 19 4
11 11 19 4
11 11 19 4
11 11 19 4
10 21 18 0
10 21 18 0
15 12 12 2
15 12 12 2
15 12 12 2
24 9 9 2
24 9 9 2
24 9 9 2
7 20 10 2
7 20 10 2
20 20 10 2
20 20 10 2
20 20 10 2
20 20 10 2
28 13 13 0
28 13 13 0
28 13 13 0
28 13 13 0
25 13 13 0
25 13 13 0
16 16 16 4
13 23 20 4
13 23 20 4
13 23 20 4
1 1 20 4
1 1 20 4
1 1 20 4
1 1 20 4
1 1 20 4
1 1 20 4
1 1 20 4
1 1 20 4
14 0 0 1
26 0 0 1
11 11 19 4
11 11 19 4
11 11 19 4
11 11 19 4
11 11 19 4
10 21 18 0
10 21 18 0
10 21 18 0
10 21 18 0
10 21 18 0
10 21 18 0
24 9 9 2
24 9 9 2
32 6 6 0
32 6 6 0
7 20 10 2
20 20 10 2
20 20 10 2
20 20 10 2
28 13 13 0
28 13 13 0
28 13 13 0
28 13 13 0
28 13 13 0
25 13 13 0
25 13 13 0
25 13 13 0
13 23 20 4
13 23 20 4
13 23 20 4
1 1 20 4
1 1 20 4
1 1 20 4
1 1 20 4
1 1 20 4
1 1 20 4
1 1 20 4
14 0 0 1
14 0 0 1
26 0 0 1
26 0 0 1
11 11 19 4
11 11 19 4
11 11 19 4
11 11 19 4
10 21 18 0
10 21 18 0
10 21 18 0
10 21 18 0
10 21 18 0
10 21 18 0
24 9 9 2
24 9 9 2
32 6 6 0
32 6 6 0
7 20 10 2
20 20 10 2
20 20 10 2
20 20 10 2
28 13 13 0
28 13 13 0
28 13 13 0
28 13 13 0
28 13 13 0
25 13 13 0
25 13 13 0
25 13 13 0
13 23 20 4
13 23 20 4
13 23 20 4
18 18 1 4
18 18 1 4
18 18 1 4
18 18 1 4
18 18 1 4
18 18 1 4
18 18 1 4
14 0 0 1
14 0 0 1
26 0 0 1
26 0 0 1
26 0 0 1
11 11 19 4
11 11 19 4
30 5 5 0
30 5 5 0
30 5 5 0
10 21 18 0
10 21 18 0
10 21 18 0
10 21 18 0
24 9 9 2
24 9 9 2
32 6 6 0
32 6 6 0
32 6 6 0
32 6 6 0
32 6 6 0
32 6 6 0
28 13 13 0
28 13 13 0
28 13 13 0
28 13 13 0
28 13 13 0
25 13 13 0
25 13 13 0
25 13 13 0
25 13 13 0
13 23 20 4
18 18 1 4
18 18 1 4
18 18 1 4
18 18 1 4
18 18 1 4
18 18 1 4
18 18 1 4
14 0 0 1
14 0 0 1
14 0 0 1
26 0 0 1
26 0 0 1
26 0 0 1
26 0 0 1
11 11 19 4
30 5 5 0
30 5 5 0
30 5 5 0
5 5 5 0
5 5 5 0
5 5 5 0
5 5 5 0
27 6 6 0
27 6 6 0
32 6 6 0
32 6 6 0
32 6 6 0
32 6 6 0
32 6 6 0
32 6 6 0
28 13 13 0
28 13 13 0
28 13 13 0
28 13 13 0
28 13 13 0
25 13 13 0
25 13 13 0
25 13 13 0
25 13 13 0
13 23 20 4
18 18 1 4
18 18 1 4
18 18 1 4
18 18 1 4
18 18 1 4
18 18 1 4
18 18 1 4
14 0 0 1
14 0 0 1
14 0 0 1
26 0 0 1
26 0 0 1
26 0 0 1
26 0 0 1
30 5 5 0
30 5 5 0
30 5 5 0
30 5 5 0
5 5 5 0
5 5 5 0
5 5 5 0
5 5 5 0
27 6 6 0
27 6 6 0
32 6 6 0
32 6 6 0
32 6 6 0
32 6 6 0
32 6 6 0
32 6 6 0
32 6 6 0
28 13 13 0
28 13 13 0
28 13 13 0
28 13 13 0
25 13 13 0
25 13 13 0
25 13 13 0
25 13 13 0
33 18 1 4
33 18 1 4
33 18 1 4
33 18 1 4
18 18 1 4
18 18 1 4
18 18 1 4
0 14 14 1
14 0 0 1
14 0 0 1
14 0 0 1
26 0 0 1
26 0 0 1
26 0 0 1
26 0 0 1
30 5 5 0
30 5 5 0
30 5 5 0
30 5 5 0
5 5 5 0
5 5 5 0
5 5 5 0
5 5 5 0
27 6 6 0
27 6 6 0
27 6 6 0
32 6 6 0
6 6 6 0
6 6 6 0
6 6 6 0
6 6 6 0
6 6 6 0
6 6 6 0
28 13 13 0
28 13 13 0
28 13 13 0
25 13 13 0
25 13 13 0
25 13 13 0
2 2 2 4
2 2 2 4
18 18 1 4
18 18 1 4
18 18 1 4
18 18 1 4
18 18 1 4
18 18 1 4
0 14 14 1
14 0 0 1
14 0 0 1
14 0 0 1
26 0 0 1
26 0 0 1
26 0 0 1
26 0 0 1
31 8 8 0
30 5 5 0
30 5 5 0
30 5 5 0
5 5 5 0
5 5 5 0
5 5 5 0
5 5 5 0
27 6 6 0
27 6 6 0
27 6 6 0
32 6 6 0
6 6 6 0
6 6 6 0
6 6 6 0
6 6 6 0
6 6 6 0
6 6 6 0
23 7 7 0
25 13 13 0
25 13 13 0
25 13 13 0
25 13 13 0
25 13 13 0
2 2 2 4
2 2 2 4
2 2 2 4
18 18 1 4
18 18 1 4
18 18 1 4
18 18 1 4
0 14 14 1
0 14 14 1
14 0 0 1
14 0 0 1
14 0 0 1
26 0 0 1
26 0 0 1
26 0 0 1
31 8 8 0
31 8 8 0
8 8 8 0
8 8 8 0
30 5 5 0
5 5 5 0
5 5 5 0
5 5 5 0
27 6 6 0
27 6 6 0
27 6 6 0
27 6 6 0
27 6 6 0
6 6 6 0
6 6 6 0
6 6 6 0
6 6 6 0
6 6 6 0
23 7 7 0
23 7 7 0
23 7 7 0
25 13 13 0
25 13 13 0
25 13 13 0
25 13 13 0
2 2 2 4
2 2 2 4
2 2 2 4
18 18 1 4
18 18 1 4
18 18 1 4
18 18 1 4
0 14 14 1
0 14 14 1
22 14 14 1
14 0 0 1
14 0 0 1
26 0 0 1
26 0 0 1
31 8 8 0
31 8 8 0
31 8 8 0
8 8 8 0
8 8 8 0
30 5 5 0
5 5 5 0
5 5 5 0
5 5 5 0
27 6 6 0
27 6 6 0
27 6 6 0
27 6 6 0
27 6 6 0
6 6 6 0
6 6 6 0
6 6 6 0
6 6 6 0
6 6 6 0
23 7 7 0
23 7 7 0
23 7 7 0
23 7 7 0
25 13 13 0
25 13 13 0
2 2 2 4
2 2 2 4
2 2 2 4
2 2 2 4
18 18 1 4
18 18 1 4
18 18 1 4
18 18 1 4
0 14 14 1
0 14 14 1
22 14 14 1
22 14 14 1
22 14 14 1
22 14 14 1
31 8 8 0
31 8 8 0
31 8 8 0
31 8 8 0
8 8 8 0
8 8 8 0
8 8 8 0
5 5 5 0
5 5 5 0
5 5 5 0
27 6 6 0
27 6 6 0
27 6 6 0
27 6 6 0
27 6 6 0
6 6 6 0
6 6 6 0
6 6 6 0
6 6 6 0
23 7 7 0
23 7 7 0
23 7 7 0
23 7 7 0
23 7 7 0
25 13 13 0
2 2 2 4
2 2 2 4
2 2 2 4
2 2 2 4
2 2 2 4
2 2 2 4
2 2 2 4
18 18 1 4
0 14 14 1
0 14 14 1
0 14 14 1
22 14 14 1
22 14 14 1
22 14 14 1
22 14 14 1
31 8 8 0
31 8 8 0
31 8 8 0
31 8 8 0
8 8 8 0
8 8 8 0
8 8 8 0
5 5 5 0
5 5 5 0
5 5 5 0
9 15 15 0
9 15 15 0
9 15 15 0
27 6 6 0
27 6 6 0
6 6 6 0
6 6 6 0
6 6 6 0
23 7 7 0
23 7 7 0
23 7 7 0
23 7 7 0
23 7 7 0
23 7 7 0
23 7 7 0
23 7 7 0
2 2 2 4
2 2 2 4
2 2 2 4
2 2 2 4
18 18 1 4
18 18 1 4
18 18 1 4
0 14 14 1
0 14 14 1
0 14 14 1
22 14 14 1
22 14 14 1
22 14 14 1
22 14 14 1
31 8 8 0
31 8 8 0
31 8 8 0
31 8 8 0
31 8 8 0
8 8 8 0
8 8 8 0
5 5 5 0
5 5 5 0
5 5 5 0
9 15 15 0
9 15 15 0
9 15 15 0
27 6 6 0
27 6 6 0
6 6 6 0
6 6 6 0
23 7 7 0
23 7 7 0
23 7 7 0
23 7 7 0
23 7 7 0
23 7 7 0
23 7 7 0
23 7 7 0
23 7 7 0
2 2 2 4
2 2 2 4
2 2 2 4
2 2 2 4
18 18 1 4
18 18 1 4
18 18 1 4
0 14 14 1
0 14 14 1
0 14 14 1
22 14 14 1
22 14 14 1
22 14 14 1
22 14 14 1
31 8 8 0
31 8 8 0
31 8 8 0
31 8 8 0
31 8 8 0
8 8 8 0
8 8 8 0
5 5 5 0
5 5 5 0
9 15 15 0
9 15 15 0
9 15 15 0
9 15 15 0
27 6 6 0
27 6 6 0
6 6 6 0
6 6 6 0
23 7 7 0
23 7 7 0
23 7 7 0
23 7 7 0
23 7 7 0
23 7 7 0
23 7 7 0
23 7 7 0
23 7 7 0
2 2 2 4
2 2 2 4
2 2 2 4
2 2 2 4
18 18 1 4
18 18 1 4
18 18 1 4
0 14 14 1
0 14 14 1
0 14 14 1
22 14 14 1
22 14 14 1
22 14 14 1
22 14 14 1
31 8 8 0
31 8 8 0
31 8 8 0
31 8 8 0
31 8 8 0
8 8 8 0
8 8 8 0
5 5 5 0
5 5 5 0
5 5 5 0
9 15 15 0
9 15 15 0
9 15 15 0
9 15 15 0
9 15 15 0
6 6 6 0
6 6 6 0
23 7 7 0
23 7 7 0
23 7 7 0
23 7 7 0
23 7 7 0
23 7 7 0
23 7 7 0
23 7 7 0
23 7 7 0
2 2 2 4
2 2 2 4
2 2 2 4
2 2 2 4
18 18 1 4
18 18 1 4
18 18 1 4
0 14 14 1
0 14 14 1
0 14 14 1
22 14 14 1
22 14 14 1
