17 17 17 2
21 19 11 4
21 19 11 4
21 19 11 4
21 19 11 4
11 11 19 4
11 11 19 4
15 12 12 4
15 12 12 4
15 12 12 4
29 4 4 4
29 4 4 4
4 4 4 4
4 4 4 4
4 4 4 4
4 4 4 4
4 4 4 4
3 3 3 3
3 3 3 3
3 3 3 3
3 3 3 3
3 3 3 3
3 3 3 3
3 3 3 3
3 3 3 3
28 13 13 0
28 13 13 0
16 16 16 2
16 16 16 2
16 16 16 2
16 16 16 2
13 23 20 2
13 23 20 2
13 23 20 2
17 17 17 2
17 17 17 2
17 17 17 2
17 17 17 2
17 17 17 2
17 17 17 2
17 17 17 2
21 19 11 4
21 19 11 4
21 19 11 4
21 19 11 4
11 11 19 4
11 11 19 4
15 12 12 4
15 12 12 4
15 12 12 4
29 4 4 4
29 4 4 4
4 4 4 4
4 4 4 4
4 4 4 4
4 4 4 4
4 4 4 4
3 3 3 3
3 3 3 3
3 3 3 3
3 3 3 3
3 3 3 3
3 3 3 3
3 3 3 3
3 3 3 3
28 13 13 0
28 13 13 0
16 16 16 2
16 16 16 2
16 16 16 2
16 16 16 2
13 23 20 2
13 23 20 2
13 23 20 2
17 17 17 2
17 17 17 2
17 17 17 2
17 17 17 2
17 17 17 2
17 17 17 2
17 17 17 2
21 19 11 4
21 19 11 4
21 19 11 4
21 19 11 4
11 11 19 4
19 25 12 4
19 25 12 4
19 25 12 4
15 12 12 4
29 4 4 4
29 4 4 4
4 4 4 4
4 4 4 4
24 9 9 3
24 9 9 3
24 9 9 3
24 9 9 3
3 3 3 3
3 3 3 3
3 3 3 3
3 3 3 3
3 3 3 3
3 3 3 3
3 3 3 3
28 13 13 0
28 13 13 0
16 16 16 2
16 16 16 2
16 16 16 2
16 16 16 2
13 23 20 2
13 23 20 2
13 23 20 2
17 17 17 2
17 17 17 2
17 17 17 2
17 17 17 2
17 17 17 2
17 17 17 2
21 19 11 4
21 19 11 4
21 19 11 4
21 19 11 4
21 19 11 4
11 11 19 4
11 11 19 4
15 12 12 4
15 12 12 4
15 12 12 4
15 12 12 4
29 4 4 4
4 4 4 4
24 9 9 3
24 9 9 3
24 9 9 3
24 9 9 3
24 9 9 3
20 20 10 3
3 3 3 3
3 3 3 3
3 3 3 3
3 3 3 3
3 3 3 3
28 13 13 0
28 13 13 0
16 16 16 2
16 16 16 2
16 16 16 2
16 16 16 2
16 16 16 2
13 23 20 2
13 23 20 2
13 23 20 2
1 1 20 2
17 17 17 2
17 17 17 2
17 17 17 2
17 17 17 2
17 17 17 2
21 19 11 4
21 19 11 4
21 19 11 4
21 19 11 4
21 19 11 4
11 11 19 4
11 11 19 4
15 12 12 4
15 12 12 4
15 12 12 4
15 12 12 4
12 12 12 4
4 4 4 4
24 9 9 3
24 9 9 3
24 9 9 3
24 9 9 3
24 9 9 3
20 20 10 3
20 20 10 3
3 3 3 3
3 3 3 3
3 3 3 3
3 3 3 3
28 13 13 0
28 13 13 0
28 13 13 0
16 16 16 2
16 16 16 2
16 16 16 2
13 23 20 2
13 23 20 2
13 23 20 2
13 23 20 2
1 1 20 2
17 17 17 2
17 17 17 2
17 17 17 2
17 17 17 2
17 17 17 2
21 19 11 4
21 19 11 4
21 19 11 4
21 19 11 4
21 19 11 4
11 11 19 4
11 11 19 4
15 12 12 4
15 12 12 4
15 12 12 4
15 12 12 4
12 12 12 4
12 12 12 4
24 9 9 3
24 9 9 3
24 9 9 3
24 9 9 3
7 20 10 3
20 20 10 3
20 20 10 3
20 20 10 3
3 3 3 3
3 3 3 3
28 13 13 0
28 13 13 0
28 13 13 0
28 13 13 0
16 16 16 2
16 16 16 2
16 16 16 2
13 23 20 2
13 23 20 2
13 23 20 2
13 23 20 2
1 1 20 2
1 1 20 2
17 17 17 2
17 17 17 2
17 17 17 2
17 17 17 2
21 19 11 4
21 19 11 4
21 19 11 4
21 19 11 4
21 19 11 4
11 11 19 4
11 11 19 4
11 11 19 4
10 21 18 4
10 21 18 4
15 12 12 4
12 12 12 4
12 12 12 4
12 12 12 4
24 9 9 3
24 9 9 3
7 20 10 3
7 20 10 3
20 20 10 3
20 20 10 3
20 20 10 3
3 3 3 3
3 3 3 3
28 13 13 0
28 13 13 0
28 13 13 0
28 13 13 0
28 13 13 0
16 16 16 2
16 16 16 2
13 23 20 2
13 23 20 2
13 23 20 2
13 23 20 2
1 1 20 2
1 1 20 2
1 1 20 2
17 17 17 2
17 17 17 2
21 19 11 4
21 19 11 4
21 19 11 4
21 19 11 4
21 19 11 4
11 11 19 4
11 11 19 4
11 11 19 4
11 11 19 4
10 21 18 4
10 21 18 4
15 12 12 4
12 12 12 4
12 12 12 4
12 12 12 4
24 9 9 3
7 20 10 3
7 20 10 3
7 20 10 3
20 20 10 3
20 20 10 3
20 20 10 3
20 20 10 3
20 20 10 3
28 13 13 0
28 13 13 0
28 13 13 0
28 13 13 0
28 13 13 0
16 16 16 2
16 16 16 2
13 23 20 2
13 23 20 2
13 23 20 2
1 1 20 2
1 1 20 2
1 1 20 2
1 1 20 2
1 1 20 2
1 1 20 2
21 19 11 4
21 19 11 4
21 19 11 4
21 19 11 4
21 19 11 4
11 11 19 4
11 11 19 4
11 11 19 4
11 11 19 4
10 21 18 4
10 21 18 4
15 12 12 4
12 12 12 4
12 12 12 4
12 12 12 4
24 9 9 3
7 20 10 3
7 20 10 3
7 20 10 3
20 20 10 3
20 20 10 3
20 20 10 3
20 20 10 3
28 13 13 0
28 13 13 0
28 13 13 0
28 13 13 0
28 13 13 0
28 13 13 0
16 16 16 2
16 16 16 2
13 23 20 2
13 23 20 2
13 23 20 2
1 1 20 2
1 1 20 2
1 1 20 2
1 1 20 2
1 1 20 2
1 1 20 2
1 1 20 2
26 0 0 4
26 0 0 4
11 11 19 4
11 11 19 4
11 11 19 4
11 11 19 4
11 11 19 4
11 11 19 4
10 21 18 4
10 21 18 4
15 12 12 4
12 12 12 4
12 12 12 4
12 12 12 4
24 9 9 3
7 20 10 3
7 20 10 3
7 20 10 3
20 20 10 3
20 20 10 3
20 20 10 3
20 20 10 3
28 13 13 0
28 13 13 0
28 13 13 0
28 13 13 0
28 13 13 0
28 13 13 0
16 16 16 2
16 16 16 2
13 23 20 2
13 23 20 2
13 23 20 2
1 1 20 2
1 1 20 2
1 1 20 2
1 1 20 2
1 1 20 2
1 1 20 2
26 0 0 4
26 0 0 4
26 0 0 4
11 11 19 4
11 11 19 4
11 11 19 4
11 11 19 4
11 11 19 4
10 21 18 4
10 21 18 4
10 21 18 4
10 21 18 4
12 12 12 4
12 12 12 4
12 12 12 4
24 9 9 3
7 20 10 3
7 20 10 3
7 20 10 3
20 20 10 3
20 20 10 3
20 20 10 3
28 13 13 0
28 13 13 0
28 13 13 0
28 13 13 0
28 13 13 0
28 13 13 0
28 13 13 0
28 13 13 0
16 16 16 2
13 23 20 2
13 23 20 2
13 23 20 2
1 1 20 2
1 1 20 2
1 1 20 2
1 1 20 2
1 1 20 2
1 1 20 2
26 0 0 4
14 0 0 4
26 0 0 4
26 0 0 4
11 11 19 4
11 11 19 4
11 11 19 4
11 11 19 4
10 21 18 4
10 21 18 4
10 21 18 4
10 21 18 4
10 21 18 4
10 21 18 4
10 21 18 4
32 6 6 1
32 6 6 1
32 6 6 1
7 20 10 3
20 20 10 3
20 20 10 3
28 13 13 0
28 13 13 0
28 13 13 0
28 13 13 0
28 13 13 0
28 13 13 0
28 13 13 0
28 13 13 0
28 13 13 0
16 16 16 2
13 23 20 2
13 23 20 2
33 18 1 0
33 18 1 0
18 18 1 0
18 18 1 0
18 18 1 0
18 18 1 0
14 0 0 4
14 0 0 4
14 0 0 4
26 0 0 4
26 0 0 4
11 11 19 4
11 11 19 4
11 11 19 4
11 11 19 4
10 21 18 4
10 21 18 4
10 21 18 4
10 21 18 4
10 21 18 4
10 21 18 4
10 21 18 4
32 6 6 1
32 6 6 1
32 6 6 1
32 6 6 1
32 6 6 1
32 6 6 1
28 13 13 0
28 13 13 0
28 13 13 0
28 13 13 0
28 13 13 0
28 13 13 0
25 13 13 0
25 13 13 0
25 13 13 0
25 13 13 0
13 23 20 2
13 23 20 2
33 18 1 0
33 18 1 0
18 18 1 0
18 18 1 0
18 18 1 0
18 18 1 0
14 0 0 4
14 0 0 4
14 0 0 4
26 0 0 4
26 0 0 4
26 0 0 4
11 11 19 4
11 11 19 4
11 11 19 4
5 5 5 4
5 5 5 4
5 5 5 4
5 5 5 4
5 5 5 4
5 5 5 4
32 6 6 1
32 6 6 1
32 6 6 1
32 6 6 1
32 6 6 1
32 6 6 1
32 6 6 1
32 6 6 1
28 13 13 0
28 13 13 0
28 13 13 0
28 13 13 0
28 13 13 0
28 13 13 0
28 13 13 0
28 13 13 0
25 13 13 0
33 18 1 0
33 18 1 0
33 18 1 0
33 18 1 0
18 18 1 0
18 18 1 0
18 18 1 0
18 18 1 0
14 0 0 4
14 0 0 4
14 0 0 4
26 0 0 4
26 0 0 4
26 0 0 4
11 11 19 4
11 11 19 4
30 21 18 4
30 21 18 4
30 21 18 4
5 5 5 4
5 5 5 4
5 5 5 4
5 5 5 4
32 6 6 1
32 6 6 1
32 6 6 1
32 6 6 1
32 6 6 1
32 6 6 1
32 6 6 1
32 6 6 1
28 13 13 0
28 13 13 0
28 13 13 0
28 13 13 0
28 13 13 0
28 13 13 0
28 13 13 0
28 13 13 0
25 13 13 0
33 18 1 0
33 18 1 0
33 18 1 0
33 18 1 0
18 18 1 0
18 18 1 0
18 18 1 0
18 18 1 0
14 0 0 4
14 0 0 4
14 0 0 4
26 0 0 4
26 0 0 4
26 0 0 4
11 11 19 4
11 11 19 4
11 11 19 4
5 5 5 4
5 5 5 4
5 5 5 4
5 5 5 4
5 5 5 4
5 5 5 4
27 6 6 1
27 6 6 1
27 6 6 1
32 6 6 1
6 6 6 1
6 6 6 1
6 6 6 1
6 6 6 1
6 6 6 1
28 13 13 0
28 13 13 0
28 13 13 0
28 13 13 0
28 13 13 0
28 13 13 0
28 13 13 0
25 13 13 0
33 18 1 0
33 18 1 0
33 18 1 0
33 18 1 0
18 18 1 0
18 18 1 0
18 18 1 0
14 0 0 4
14 0 0 4
14 0 0 4
14 0 0 4
26 0 0 4
26 0 0 4
26 0 0 4
31 8 8 4
31 8 8 4
31 8 8 4
5 5 5 4
5 5 5 4
5 5 5 4
5 5 5 4
5 5 5 4
5 5 5 4
27 6 6 1
27 6 6 1
27 6 6 1
6 6 6 1
6 6 6 1
6 6 6 1
6 6 6 1
6 6 6 1
6 6 6 1
23 7 7 0
23 7 7 0
28 13 13 0
28 13 13 0
28 13 13 0
28 13 13 0
28 13 13 0
2 2 2 0
2 2 2 0
2 2 2 0
2 2 2 0
33 18 1 0
18 18 1 0
18 18 1 0
0 14 14 0
0 14 14 0
14 0 0 4
14 0 0 4
14 0 0 4
26 0 0 4
26 0 0 4
31 8 8 4
31 8 8 4
31 8 8 4
31 8 8 4
5 5 5 4
5 5 5 4
5 5 5 4
5 5 5 4
5 5 5 4
27 6 6 1
27 6 6 1
27 6 6 1
27 6 6 1
27 6 6 1
6 6 6 1
6 6 6 1
6 6 6 1
6 6 6 1
23 7 7 0
23 7 7 0
23 7 7 0
28 13 13 0
28 13 13 0
28 13 13 0
28 13 13 0
2 2 2 0
2 2 2 0
2 2 2 0
2 2 2 0
2 2 2 0
33 18 1 0
18 18 1 0
0 14 14 0
0 14 14 0
0 14 14 0
22 14 14 0
14 0 0 4
14 0 0 4
26 0 0 4
26 0 0 4
31 8 8 4
31 8 8 4
31 8 8 4
31 8 8 4
5 5 5 4
5 5 5 4
5 5 5 4
5 5 5 4
5 5 5 4
9 15 15 4
9 15 15 4
27 6 6 1
27 6 6 1
27 6 6 1
6 6 6 1
6 6 6 1
6 6 6 1
6 6 6 1
23 7 7 0
23 7 7 0
23 7 7 0
23 7 7 0
28 13 13 0
28 13 13 0
28 13 13 0
2 2 2 0
2 2 2 0
2 2 2 0
2 2 2 0
2 2 2 0
2 2 2 0
2 2 2 0
0 14 14 0
0 14 14 0
0 14 14 0
22 14 14 0
22 14 14 0
22 14 14 0
26 0 0 4
31 8 8 4
31 8 8 4
31 8 8 4
31 8 8 4
31 8 8 4
31 8 8 4
5 5 5 4
5 5 5 4
5 5 5 4
5 5 5 4
9 15 15 4
9 15 15 4
27 6 6 1
27 6 6 1
27 6 6 1
6 6 6 1
6 6 6 1
6 6 6 1
23 7 7 0
23 7 7 0
23 7 7 0
23 7 7 0
23 7 7 0
28 13 13 0
28 13 13 0
28 13 13 0
2 2 2 0
2 2 2 0
2 2 2 0
2 2 2 0
2 2 2 0
2 2 2 0
2 2 2 0
0 14 14 0
0 14 14 0
0 14 14 0
22 14 14 0
22 14 14 0
22 14 14 0
22 14 14 0
31 8 8 4
31 8 8 4
31 8 8 4
31 8 8 4
8 8 8 4
8 8 8 4
8 8 8 4
5 5 5 4
5 5 5 4
9 15 15 4
9 15 15 4
9 15 15 4
9 15 15 4
27 6 6 1
27 6 6 1
6 6 6 1
6 6 6 1
23 7 7 0
23 7 7 0
23 7 7 0
23 7 7 0
23 7 7 0
23 7 7 0
28 13 13 0
28 13 13 0
28 13 13 0
2 2 2 0
2 2 2 0
2 2 2 0
2 2 2 0
2 2 2 0
2 2 2 0
2 2 2 0
0 14 14 0
0 14 14 0
0 14 14 0
22 14 14 0
22 14 14 0
22 14 14 0
22 14 14 0
31 8 8 4
31 8 8 4
31 8 8 4
31 8 8 4
31 8 8 4
31 8 8 4
5 5 5 4
5 5 5 4
5 5 5 4
9 15 15 4
9 15 15 4
9 15 15 4
9 15 15 4
9 15 15 4
9 15 15 4
6 6 6 1
6 6 6 1
23 7 7 0
23 7 7 0
23 7 7 0
23 7 7 0
23 7 7 0
23 7 7 0
23 7 7 0
23 7 7 0
23 7 7 0
2 2 2 0
2 2 2 0
2 2 2 0
2 2 2 0
2 2 2 0
2 2 2 0
2 2 2 0
0 14 14 0
0 14 14 0
0 14 14 0
22 14 14 0
22 14 14 0
22 14 14 0
31 8 8 4
31 8 8 4
31 8 8 4
31 8 8 4
31 8 8 4
31 8 8 4
31 8 8 4
5 5 5 4
5 5 5 4
5 5 5 4
9 15 15 4
9 15 15 4
9 15 15 4
9 15 15 4
9 15 15 4
9 15 15 4
9 15 15 4
9 15 15 4
23 7 7 0
23 7 7 0
23 7 7 0
23 7 7 0
23 7 7 0
23 7 7 0
23 7 7 0
23 7 7 0
23 7 7 0
2 2 2 0
2 2 2 0
2 2 2 0
2 2 2 0
2 2 2 0
2 2 2 0
2 2 2 0
0 14 14 0
0 14 14 0
0 14 14 0
22 14 14 0
22 14 14 0
22 14 14 0
31 8 8 4
31 8 8 4
31 8 8 4
31 8 8 4
31 8 8 4
31 8 8 4
31 8 8 4
5 5 5 4
5 5 5 4
5 5 5 4
9 15 15 4
9 15 15 4
9 15 15 4
9 15 15 4
9 15 15 4
9 15 15 4
9 15 15 4
23 7 7 0
23 7 7 0
23 7 7 0
23 7 7 0
23 7 7 0
23 7 7 0
23 7 7 0
23 7 7 0
23 7 7 0
23 7 7 0
2 2 2 0
2 2 2 0
2 2 2 0
2 2 2 0
2 2 2 0
2 2 2 0
2 2 2 0
0 14 14 0
0 14 14 0
0 14 14 0
22 14 14 0
22 14 14 0
