53739473 8481655 0 0 0 0 568373 18126115 28468633 35983114 49895140 82426068 16321937 17018550 34626633 82088645 31610838 1133770 0 0 221890737 79503712 372753 58659935
46519714 1701225 2843345 6896522 6448 0 0 0 9678401 39915389 89332977 50893589 11244792 7555638 34178399 37718995 6297980 0 0 0 489968 19990725 7543 27818610
9018825 3575033 956583 7108244 21173203 12927246 0 664 458 0 199383 17756339 34297543 24329002 110528327 43907090 19834 94476 0 0 52960 0 0 5315708
28655900 4958061 5170448 23535126 23745380 553 0 0 0 6311 0 5009386 11715764 17042140 44511931 15365411 18971462 957833 420452 0 0 0 0 596
4354696 4801868 19395260 67094450 7253001 0 0 0 0 0 0 8726 993964 20978911 19075785 0 7781719 868414 0 0 0 0 0 0
18706650 29152134 14387201 1392183 0 0 0 0 400 0 0 0 5948432 10084794 11842546 0 0 0 0 0 0 0 0 0
3644487 478005 0 0 0 0 0 0 8 0 0 0 0 0 0 0 0 0 0 0 0 0 0 0
704943 3457 0 0 0 0 0 0 0 0 0 0 0 0 0 0 0 0 0 0 0 0 0 0
0 0 0 0 0 0 0 0 0 0 0 0 0 0 0 0 0 0 0 0 0 0 0 0
0 0 0 0 0 0 0 0 0 0 0 0 0 0 0 0 0 0 0 0 0 0 0 0
0 0 0 0 0 0 0 0 0 273658 605 0 0 0 0 0 0 464202 3444 0 0 0 0 0
0 0 0 0 0 0 0 0 0 0 0 0 0 0 0 0 0 0 0 0 0 0 0 0
0 0 0 0 0 0 0 8626 0 598520 0 0 0 0 0 0 0 726754 13 0 0 0 0 0
0 0 0 0 0 0 0 0 0 0 0 0 0 0 0 0 0 0 0 0 0 0 0 0
0 0 0 0 0 0 0 0 0 0 0 0 0 0 0 0 0 0 0 0 0 0 0 0
0 0 0 0 0 0 0 0 116080 0 0 0 0 0 0 0 0 0 0 0 0 0 0 0
0 0 0 0 3057 542771 0 0 791406 1144686 605 0 0 0 0 0 0 0 0 0 0 0 0 0
66177 2251367 2406 38033 2184007 10945595 2926921 255 2204 2492394 0 0 0 0 0 0 0 0 0 0 0 0 0 467
13232 40088 7651 41666 26719 384231 3183856 44931 218941 0 84099 0 6750 2455 5134 1058 1209 0 0 7905 0 0 0 51
2205 168297 896548 183956 42676 678383 42675 68691 315612 909817 54549 253990 1221 30970 233314 8329 231 0 0 0 0 0 0 0
190005851 28241515 7982687 2161975 4291447 4247715 805898 451806 9977 52578 0 1305 0 124 0 8447 0 0 0 0 0 0 30127 12582939
35516537 7928181 18516045 21516 378 2557 81878 6788 53641 54865 0 0 3961 6442 0 0 0 0 0 0 0 0 0 499243
107282625 55247178 31908742 0 10520 221024 639 973 23683 0 0 0 0 0 0 0 0 0 0 947 705461 14566630 40718544 14381262
234888856 77973978 109297 2076 494 0 0 0 0 0 0 0 70348 1350143 0 0 0 0 0 1702855 29515180 55251578 4077442 9563095
450510269 353798167 25286095 49747437 57570272 0 0 0 0 0 40 0 0 0 0 0 0 0 30007082 12206900 8694592 32125299 17598857 42688325
68667003 129207279 131383675 13843998 17115372 440485 197 0 0 0 0 0 0 0 0 0 0 7611783 17428805 4947265 6421231 10133464 31789227 45206480
5100911 1960241 6757520 1349528 625335 721 46692 238223 13 226 572 5406 259 0 0 0 22038 3976845 2753925 3709597 1173773 1481128 243910 158204
730796 136454 257074 431570 19990 137488 24029 31110 7150 21452 3589 5813 40241 47551 540288 6223 104764 34650 239627 114712 26085 33378 4823 2882
30809 2455 10127 18229 10647 12560 6144 5537 11145 2606 4651 1586 8028 7456 8065 439 6949 1339 558 1326 1537 1135 1609 3085
551 11 1 0 123 40 0 0 0 0 0 0 0 0 0 0 0 0 0 12 28 346 38 1141
0 0 0 0 0 0 0 0 0 0 0 0 0 0 0 0 0 0 0 0 0 0 0 0
0 0 0 0 0 0 0 0 0 0 0 0 0 0 0 0 0 0 0 0 0 0 0 0
0 0 0 0 0 0 0 0 0 0 0 0 0 0 0 0 0 0 0 0 0 0 0 0
864 84 1082 0 0 0 0 0 0 0 0 384 2196 3 0 0 37 521 16 403 299 68 349 359
3955 600 23596 0 808 0 5672 14469 1 0 0 96500 354915 304374 831022 14819 12582 85198 136673 97878 185231 27889 195947 3528
20585 2292 18173 10337 2284 0 260035 56359 213843 6864406 1322927 13168761 6546663 10463821 10311485 25383528 8156685 7082574 7337306 2352128 3132482 3725865 2014590 661936
12744117 1359569 484472 0 0 0 0 0 2468476 63231542 75677213 73260229 51957792 28203531 21089768 20193595 11119688 6636537 3021527 2693222 2517290 4573236 2643262 512544
67555603 6320 0 0 0 4364 241020 0 12546741 32082732 19494968 78913844 45615003 51689663 47346238 38200265 36558476 3727017 10356540 37675529 17317430 10933489 6551616 2872206
6219342 45593 0 0 0 0 0 2225626 15384268 28565071 32326136 17705216 2988775 2191002 125416587 28937985 62221612 42514814 17366497 97552432 311142900 157337662 46622670 15792270
13474652 0 0 0 0 0 0 310795 159649 13584 203373 127945 102207 68197 5839629 12908034 9572961 13972347 3511994 59541051 203437618 229484252 299378197 45960436
