547989 74968 13536 3863 14522 34760 15928 10190 5 0 0 0 2674582 52491189 29015457 42288903 25813168 19487418 16163637 33398853 16349620 12069939 9748289 3535999
1539 2942 4130 2544 3073 9106 36827 147 3087 0 265159 70828 7738 21643 175675 713968 951019 1709256 1133892 793718 113627 382272 164713 213534
28 346 862 2699 1501 1841 6024 0 0 0 548 0 0 0 0 384 104072 55025 77720 0 99 2333 2247 5093
0 0 22 8 1 84 0 0 0 0 0 0 0 0 0 0 0 0 0 0 37 0 1 0
0 0 0 0 0 0 0 0 0 0 0 0 0 0 0 0 0 0 0 0 0 0 0 0
0 0 0 0 0 0 0 0 0 0 0 0 0 0 0 0 0 0 0 0 0 0 0 0
0 0 0 0 19 3 0 0 0 0 0 0 0 0 0 0 0 0 0 0 0 0 0 3
5268 16374 180549 3644 2760 3991 1111 10388 5710 2401 538 200 3565 1162 72 0 732 6021 7121 38 1193 453 465 9
1534452 47175 48509 35054 14022 119190 245729 443932 24132 147687 25951 17530 14069 22896 8168 7243 44999 34814 541232 6624 39116 11808 19263 32212
3138813 6846429 4079931 911984 2687742 727150 953476 36162 95838 0 47818 257140 674 226 572 5562 2797 14172 0 0 93442 217898 346491 1990906
12688472 10533113 7027480 616391 3414194 10890590 112154808 15121855 7084160 441206 2755 0 0 0 0 0 0 0 0 0 0 9355731 8216254 5415221
164852067 3545751 777538 4902909 111087089 246485674 467399556 49769466 68129653 0 0 0 0 0 0 0 0 0 0 0 0 2038727 35160476 7905900
244004030 315535973 300348341 36128995 108913611 189609387 145817664 18508 2740 0 0 0 0 0 40 0 0 0 0 0 0 0 6687048 7338409
264121541 139093208 45105526 77802720 91372659 56659655 61215066 0 0 220141 0 0 0 0 0 0 70348 1350143 0 0 0 0 0 954
69532549 29958875 219053 15481344 49701566 1986383 48311986 21485 10898 3440 82517 7761 74711 0 0 0 1071 0 0 0 0 0 0 0
289723 0 0 21714491 76603709 12691020 27433080 1986034 3548954 2398433 579760 3213 12305 98031 0 20 2890 6449 0 0 0 0 0 0
0 0 0 596 33728675 96037324 14181933 353418 770939 2195929 268813 501484 188131 144556 269990 9188 193 117 0 9835 0 0 0 0
0 0 0 0 0 4380 91103 41011 39571 650618 49921 60731 346707 774673 113127 1618 7778 2916 267497 7999 1386 0 0 0
0 0 0 0 0 75029 2260081 45171 1518723 4855631 6060856 255 2204 20498 0 0 0 0 1460 0 54 0 0 7905
0 0 0 0 0 0 13 27 669719 6430698 0 0 16133 3601423 0 0 0 0 0 0 0 0 0 0
0 0 0 0 0 0 0 0 0 267386 0 0 891353 15159 605 0 0 0 0 0 0 0 0 0
0 0 0 0 0 0 0 0 0 0 0 0 0 0 0 0 0 0 0 0 0 0 0 0
0 0 0 0 0 0 0 0 0 0 0 0 0 0 0 0 0 0 0 0 0 0 0 0
0 0 0 0 0 0 0 0 0 0 0 8626 0 598520 0 0 0 0 0 0 0 726754 13 0
0 0 0 0 0 0 0 0 0 0 0 0 0 0 0 0 0 0 0 0 0 0 0 0
0 0 0 0 0 0 0 0 0 0 0 0 0 273658 605 0 0 0 0 0 0 464202 3444 0
0 0 0 0 0 0 0 0 0 0 0 0 0 0 0 0 0 0 0 0 0 0 0 0
0 0 0 0 0 0 0 0 0 0 0 0 0 0 0 0 0 0 0 0 0 0 0 0
0 0 0 0 47131 452993 3457 0 0 0 0 0 0 0 0 0 0 0 0 0 0 0 0 0
0 0 0 0 222392 750520 4931 0 0 0 0 0 0 0 0 0 0 0 0 0 0 0 0 0
0 0 0 467 4080187 15811867 29632126 0 0 0 0 0 408 0 0 0 5625698 5137335 484211 0 0 0 0 0
0 0 0 51 0 4664054 30306236 10310397 0 0 0 0 0 0 0 0 446304 24501588 23956162 0 1452953 0 0 0
0 0 0 0 1583428 12730373 16463772 79981993 18726649 0 0 0 0 6311 0 2351538 5594937 11233758 42110108 10566504 23491255 1825895 420452 0
0 0 0 1452132 20023699 1466907 2997937 3394545 21538359 11065910 0 664 458 0 0 11766346 13228058 14543778 18297886 14589468 1809037 529 0 0
0 0 30127 11340470 21748177 666696 6028438 12339590 11913024 1861889 0 0 98720 0 735204 19576477 35359326 22606988 128458699 38088085 4324391 94299 0 0
0 0 26181844 14270610 36916520 24886108 9687875 0 0 0 369520 15235795 35418990 74294947 137895413 121892540 20084697 18725249 31499615 106594684 24005325 436702 0 0
22919376 61696714 18614142 2232139 17881634 14577796 779503 0 0 0 198853 3051551 2711811 1615014 860688 544786 248717 267708 10600795 19705602 9999488 777169 315444 13454331
13753658 34765390 8333631 29492785 372444 25583 45593 0 0 0 0 2375190 10699374 5355647 1698445 3899820 2404814 1212681 120182312 8800254 39663336 32580710 10399316 111861007
7520331 10125573 17653204 37553050 31140014 0 0 0 0 4364 241020 0 10430422 43659663 32630688 18753410 8023984 16746634 33018740 41344323 52402302 26362064 15524782 55672031
1794966 6927025 23633079 28736356 42536010 12729717 1822077 0 0 0 0 0 6878375 29217735 82664867 100354495 70205189 53702208 39614573 30836876 18712404 2541589 5575761 15170648
