198853 3201115 2788973 1617140 1000256 635152 285619 328536 15796569 22149434 19171833 14669415 3511994 59541051 288534506 273571485 299386292 77476070 106549991 248878162 128620 2076 494 0
0 2225626 10622212 5353521 1558877 3809454 2367912 1151853 114986538 6356422 30490991 18688464 7202766 65774287 276208464 157096993 46569447 14924743 139447998 394193047 1672675 7796426 10513 0
241020 0 17308797 55294282 50262227 37546523 24467416 32357849 49320829 49564106 66377589 26932213 20193952 68957746 51631337 7767084 5571375 3585642 41113083 424487793 120695424 45455320 74134561 427195
0 0 2468476 63231542 92901533 111298992 73726242 48574494 29545226 31411317 13031196 7257691 3347846 3189150 3137819 7980310 3676726 666635 4457557 5544392 41059191 11689217 1165905 14011
0 0 206106 6842763 1147252 12551293 5848683 9003917 9930895 24604629 8055541 6783688 7307034 2231782 2812196 3719323 2012154 655394 541063 197458 208302 319736 10376 119362
265707 70828 7738 21643 175675 713968 1052895 1764278 1211612 793718 113726 384084 166945 218224 505517 34431 198383 10070 6672 155321 58899 130063 20261 30686
0 0 0 0 0 384 2196 3 0 0 0 521 15 403 299 68 349 359 551 11 1 0 123 40
0 0 0 0 0 0 0 0 0 0 37 0 1 0 0 0 0 0 0 0 0 0 0 0
0 0 0 0 0 0 0 0 0 0 0 0 0 0 0 0 0 0 0 0 0 0 0 0
0 0 0 0 0 0 0 0 0 0 0 0 0 0 0 0 0 0 0 0 0 0 0 0
0 0 0 0 0 0 0 0 0 0 0 0 0 3 11 6 33 24 1 753 84 0 0 0
6144 5537 11145 2606 4651 1586 8028 7456 8065 439 6949 1339 558 1335 1554 1475 1614 4202 1540 2525 25278 0 808 0
20345 12193 6489 21452 3589 5657 37703 33379 540288 6223 33360 10922 19170 30886 3089 5629 3374 1025 5011 9820 18173 10337 2284 0
50376 257140 674 226 572 5562 2797 14172 0 0 93442 4000573 2974382 3793423 1196769 1508877 245359 160061 239535 791210 192112 0 0 0
197 0 0 0 0 0 0 0 0 0 0 7611783 17428805 4947265 6421231 10133464 48415549 28580158 42309020 13324049 292360 0 0 0
0 0 0 0 0 0 0 0 0 0 0 0 30006080 9818344 5732302 24245795 17412005 28502255 6130173 25081017 0 0 0 4364
0 0 0 0 40 0 70348 1350143 0 0 0 0 1002 4091411 32477470 63131082 4264294 23749165 9370782 4167456 0 0 0 0
0 0 0 0 0 0 0 0 0 0 0 0 0 947 705461 14566630 40718544 5688183 9008787 12826147 0 0 0 0
82517 7761 77324 54865 0 0 3961 6442 0 0 0 0 0 0 0 0 0 9192322 48676680 32659381 1076730 2793 0 0
805898 451806 9977 52578 0 1305 0 124 0 8447 0 0 0 0 0 0 30127 11130807 9862526 3488518 2408184 12336797 11913024 1861889
42675 52891 187846 135144 25521 252372 193 30509 12066 4557 0 0 0 0 0 0 0 0 16192967 17601746 3247035 12493316 26093016 11065910
3183856 60731 346707 774673 113127 1618 7778 2916 226382 4830 1440 0 0 7905 0 0 0 51 0 16941830 21633687 79801436 14171992 0
2926921 255 2204 20498 0 0 0 0 0 0 0 0 0 0 0 0 0 467 19945 42209089 13704371 1392183 0 0
0 0 791406 3616582 605 0 0 0 0 0 0 0 0 0 0 0 0 0 4272948 5479294 682830 0 0 0
0 0 116080 0 0 0 0 0 0 0 0 0 0 0 0 0 0 0 56814 365599 0 0 0 0
0 0 0 0 0 0 0 0 0 0 0 0 0 0 0 0 0 0 3 285984 0 0 0 0
0 0 0 0 0 0 0 0 0 0 0 0 0 0 0 0 0 0 0 0 0 0 0 0
0 8626 0 598520 0 0 0 0 0 0 0 726754 13 0 0 0 0 0 0 0 0 0 0 0
0 0 0 0 0 0 0 0 0 0 0 0 0 0 0 0 0 0 0 0 0 0 0 0
0 0 0 273658 605 0 0 0 0 0 0 464202 3444 0 0 0 0 0 0 0 0 0 0 0
0 0 0 0 0 0 0 0 0 0 0 0 0 0 0 0 0 0 0 0 0 0 0 0
0 0 0 0 0 0 0 0 0 0 0 0 0 0 0 0 0 0 0 0 0 0 0 0
0 0 0 0 0 0 0 0 0 0 0 0 0 0 0 0 0 0 0 0 0 0 0 0
0 0 8 0 0 0 0 0 0 0 0 0 0 0 0 0 0 0 0 0 0 0 3057 542771
0 0 400 0 0 0 5625698 5137335 484211 0 0 0 0 0 0 0 0 0 0 2190248 969 35809 2176025 10770869
0 0 0 0 0 8726 1316698 25926370 30434120 0 7781719 868414 0 0 0 0 0 0 0 180616 9088 43890 34701 558957
0 0 0 6311 0 2342812 4724543 9808976 35632150 10566504 17162489 957481 420452 0 0 0 0 0 0 37078 27504 29053 24869 520490
0 664 458 0 0 18480394 37681386 25901283 48455169 27821977 1809037 94828 0 0 0 0 0 22165 74279489 120230914 6397246 1278951 3654679 4291434
0 0 9678401 39915389 89532360 52836108 14852170 13216521 105131338 58603015 6317750 0 0 0 542928 19990725 7543 33112749 42009698 25305407 20970530 1059443 654953 116731
369520 15235795 25839309 34379558 49098257 81918861 16138525 16758211 24669693 72847245 22011966 436702 0 0 136793849 35416479 364658 27144301 69120234 50844250 31889419 0 10520 221024
