0 0 0 0 0 0 0 0 0 0 0 0 0 0 0 0 0 0 0 0 0 0 0 0
0 0 0 0 0 0 0 0 0 0 0 0 0 0 0 0 0 0 0 0 0 0 0 0
0 0 0 0 0 0 37 0 1 0 0 0 0 0 0 0 0 0 0 0 0 0 0 0
0 384 104072 55025 77720 0 99 2333 2247 5093 5268 16374 180549 3644 2779 3994 1111 10388 5710 2401 538 200 3565 1162
175675 713968 951019 1709256 1133892 793718 113627 382272 164713 213534 500548 18125 18183 6785 4154 70731 79786 178575 14674 28325 15026 7608 9547 22663
29015457 42288903 25813168 19487418 16163637 33398853 16349620 12069939 9748289 3535999 4172717 6875479 4110257 940253 2697610 775609 342147 1078791 105296 119362 58743 267062 5196 459
65033328 81561382 53761757 38090993 23312484 22617093 4737117 1971440 906591 1884933 1777298 4824154 1578623 381776 2301010 466598 4157496 52197655 1070985 14011 2755 0 0 0
50262227 37546523 24467416 32357849 49320829 49564106 66377589 26932213 20193952 68957746 51631337 7767084 5571375 3585642 41113083 172067173 252420620 166150744 74134561 427195 0 0 0 0
1698445 3899820 2404814 1212681 120182312 8800254 39663336 32580710 10399316 111861007 368135934 317023599 301003361 37680877 288363081 166089600 228103447 9469101 10513 0 0 0 0 0
860688 544786 248717 267708 10600795 19705602 9999488 777169 315444 13454331 196607036 113644879 44952378 54719936 65997188 47962505 14881956 77802117 494 0 0 0 0 0
137895413 121892540 20084697 18725249 31499615 106594684 24005325 436702 0 0 137047054 55407204 372201 38564128 75077037 10683533 46875599 47771659 10898 223581 82517 7761 74711 0
735204 12862429 10905998 11249483 98301416 24855576 4324391 0 0 0 289723 0 0 21692922 36052895 9606686 14093614 1037958 654575 114174 1880 0 12305 96324
0 18480394 37681386 25901283 48455169 27821977 1809037 94828 0 0 0 0 0 22165 74279489 99121658 27506502 1278951 3654679 4291434 846693 504697 25719 12816
0 2351538 5594937 11233758 42110108 10566504 23491255 1825895 420452 0 0 0 0 0 4380 0 64582 29053 24869 520490 0 15800 290178 908120
0 0 446304 24501588 23956162 0 1452953 0 0 0 0 0 0 0 0 57091 86815 85308 34701 558957 4296821 44931 220689 0
0 0 5625698 5137335 484211 0 0 0 0 0 0 0 0 0 0 17938 2173279 35809 2179082 11046254 1813956 255 16589 3621921
0 0 0 0 0 0 0 0 0 0 0 0 0 0 0 0 0 0 0 267386 0 0 891353 15159
0 0 0 0 0 0 0 0 0 0 0 0 0 0 0 0 0 0 0 0 0 0 0 0
0 0 0 0 0 0 0 0 0 0 0 0 0 0 0 0 0 0 0 0 0 0 0 0
0 0 0 0 0 0 0 0 0 0 0 0 0 0 0 0 0 0 0 0 0 0 0 0
605 0 0 0 0 0 0 464202 3444 0 0 0 0 0 0 0 0 0 0 0 0 8626 0 598520
0 0 0 0 0 0 0 0 0 0 0 0 0 0 0 0 0 0 0 0 0 0 0 0
0 0 0 0 0 0 0 726754 13 0 0 0 0 0 0 0 0 0 0 0 0 0 0 273658
0 0 0 0 0 0 0 0 0 0 0 0 0 0 0 0 0 0 0 0 0 0 0 0
0 0 0 0 0 0 0 0 0 0 0 0 0 0 3 285725 259 0 0 0 0 0 0 0
605 0 0 0 0 0 0 0 0 0 0 0 0 0 56814 362401 3198 0 0 0 0 0 0 0
0 0 0 0 0 0 0 0 0 0 0 0 0 0 4272948 2867822 2611472 682830 0 0 0 0 408 0
0 0 0 0 1460 0 54 0 0 7905 0 0 0 518 19945 18163486 30615525 36343863 0 0 0 0 0 0
113127 1618 7778 2916 224922 4830 1386 0 0 0 0 0 0 0 0 6152337 4219571 80187814 14171992 0 0 0 0 0
25521 253657 193 30626 12066 13004 0 0 0 0 0 0 0 1452132 21607127 8044943 2690511 15740351 26093016 11065910 0 664 458 6311
0 20 0 7 0 0 0 0 0 0 0 0 30127 11130807 9862526 518868 2969650 14744981 11913024 1861889 0 0 0 0
0 0 3961 6442 0 0 0 0 0 0 0 0 0 9192322 48676680 24463707 9272404 2793 0 0 0 490781 25519553 54242001
0 0 70348 1350143 0 0 0 0 0 954 22919376 61696714 44795986 7520090 18007125 15148025 1845578 0 0 0 568373 17796565 12709968 21667960
40 0 0 0 0 0 0 0 1002 4091404 10263555 16000998 186852 21917258 372444 0 0 0 0 0 0 2119234 1497442 289415
0 0 0 0 0 0 0 2038727 41846522 11152905 11010434 28889965 25799983 45128577 31140014 25583 45593 0 0 4364 241020 255956 19632354 48725895
0 0 0 0 0 0 0 5573056 5588363 3612704 1143099 5489294 23401249 28580158 42309020 12091994 1524415 0 0 0 0 0 6878375 17574955
572 5562 2797 14172 0 0 93442 4000573 2974382 3793423 1196769 1508877 245359 160061 239535 655087 328235 0 0 0 0 0 2672954 64039882
8168 7243 44999 34814 541232 6624 39116 11808 19263 32212 4626 6764 4137 2544 5050 11254 37430 10337 3092 0 265159 70828 9366 115730
72 0 732 6021 7121 38 1193 453 465 9 17 340 851 2683 1501 1088 6024 0 0 0 548 0 0 0
0 0 0 0 0 0 0 0 0 3 11 6 33 24 1 837 0 0 0 0 0 0 0 0
