5571375 3585642 213180256 252420620 120695424 45455320 74134561 427195 0 0 0 0 0 0 0 0 0 0 0 3073744 36378223 10704725 8318695 13706529
3676726 666635 5560329 4441620 41059191 11689217 1165905 14011 46889 238223 13 226 572 5406 259 0 0 0 22038 8514884 7124541 4523476 1518508 3389466
2012154 655394 680498 58023 208302 319736 10376 119362 14609 28839 5183 233 0 1176 30253 45774 429243 2509 103431 32240 236697 92997 26083 31571
198383 10070 81107 80886 58899 130063 20261 30686 15564 7808 13112 23825 8240 6223 18016 9233 119110 4153 8282 3749 3488 23041 1539 2942
349 359 551 11 1 0 123 40 0 0 0 0 0 0 0 0 0 0 0 0 0 12 28 346
0 0 0 0 0 0 0 0 0 0 0 0 0 0 0 0 0 0 0 0 0 0 0 0
0 0 0 0 0 0 0 0 0 0 0 0 0 0 0 0 0 0 0 0 0 0 0 0
0 0 0 0 0 0 0 0 0 0 0 0 0 0 0 0 0 0 0 0 0 0 0 0
33 24 754 84 0 0 0 0 0 0 0 0 0 384 2196 3 0 0 37 0 1 7 0 0
1614 4202 4065 600 24678 0 808 0 5672 14469 1 0 0 96500 354915 304374 831022 14819 12582 85719 136688 98274 185530 27957
3374 1025 14828 3 18173 10337 2284 0 260035 56359 9365 115730 1268483 3820691 5063537 6111365 7639099 2017269 1250808 1252767 676195 319568 1354190 35592
245359 160061 894622 136123 192112 0 0 0 0 0 2672954 64039882 75731657 82608299 53440918 32555987 23762154 43559854 18025565 12466344 9682638 4725782 4295582 8263509
23401249 28580158 54401014 1232055 292360 0 0 0 0 0 6878375 17574955 34855859 56831876 38211882 35982178 24757547 19437505 15886795 1191303 4995489 13781643 11531703 9116033
25799983 45128577 31165597 45593 0 0 0 4364 241020 255956 19632354 48725895 33920127 22330336 10109521 17819973 122181869 46024299 74888929 36344338 18848489 93873494 164852067 3545751
4264294 23749165 13538238 0 0 0 0 0 0 2280465 1579929 300873 472811 360473 384582 146711 31663038 14584480 17577325 22678537 7391053 87113875 355514178 385093619
40718544 5688183 19989356 1845578 0 0 0 0 568373 17635334 12627481 21656502 26913469 36845057 7013309 10013935 25211615 27241028 27781819 936272 0 0 152611393 69535562
0 9192322 73140387 8195674 1076730 2793 0 0 0 490781 25519553 54242001 112314648 96474600 20553420 14560253 43593417 92566612 10126999 197498 0 0 69769312 29958875
30127 11130807 10381394 2969650 2408184 12336797 11913024 1861889 0 0 0 0 199383 8656567 28060706 17018388 101110222 34116529 19770 94299 0 0 52960 0
0 1452132 29652070 2690511 3247035 12493316 26093016 11065910 0 664 458 6311 0 14023533 16192685 21372963 40578554 23844904 6481578 14475 0 0 0 0
0 51 9125401 7816429 21633687 79801436 14171992 0 0 0 0 0 0 94351 2753880 23958702 32427267 1311068 20271667 1811949 420452 0 0 0
0 467 15210367 27018667 13704371 1392183 0 0 0 0 0 0 0 0 5948432 10084794 11842546 0 0 0 0 0 0 0
0 0 7140770 2611472 682830 0 0 0 0 0 408 0 0 0 0 0 0 0 0 0 0 0 0 0
0 0 419215 3198 0 0 0 0 0 0 0 0 0 0 0 0 0 0 0 0 0 0 0 0
0 0 285728 259 0 0 0 0 0 0 0 0 0 0 0 0 0 0 0 0 0 0 0 0
0 0 0 0 0 0 0 0 0 0 0 0 0 0 0 0 0 0 0 0 0 0 0 0
0 0 0 0 0 0 0 0 0 0 0 273658 605 0 0 0 0 0 0 464202 3444 0 0 0
0 0 0 0 0 0 0 0 0 0 0 0 0 0 0 0 0 0 0 0 0 0 0 0
0 0 0 0 0 0 0 0 0 8626 0 598520 0 0 0 0 0 0 0 726754 13 0 0 0
0 0 0 0 0 0 0 0 0 0 0 0 0 0 0 0 0 0 0 0 0 0 0 0
0 0 0 0 0 0 0 0 0 0 0 0 0 0 0 0 0 0 0 0 0 0 0 0
0 0 0 0 0 0 0 0 0 0 0 0 0 0 0 0 0 0 0 0 0 0 0 0
0 0 0 0 0 0 3057 542771 0 0 907486 1144686 605 0 0 0 0 0 0 0 0 0 0 0
0 0 17938 2172310 969 35809 2176025 10770869 1813956 255 456 2492394 0 0 0 0 0 0 0 0 0 0 0 0
0 0 61471 119145 9088 43890 34701 558957 4296821 44931 220689 0 84099 0 6750 2455 5134 1058 1209 0 0 7905 0 0
0 0 0 37078 27504 29053 24869 520490 0 15800 290178 908120 42292 246087 1028 30970 233314 6941 231 0 0 0 0 0
0 22165 173401147 21109256 6397246 1278951 3654679 4291434 846693 504697 25719 12816 12257 9208 193 124 0 9835 0 0 0 0 0 0
7543 33112749 52123446 15191659 20970530 1059443 654953 116731 83758 6788 63333 96324 0 0 3961 6442 0 0 0 0 0 0 0 0
364658 27144301 79296705 40667779 31889419 0 10520 221024 639 973 23683 0 0 0 0 0 0 0 0 0 0 0 0 0
299386292 77476070 262874776 92553377 128620 2076 494 0 0 0 0 0 0 0 70348 1350143 0 0 0 0 0 1703802 30220641 69818208
46569447 14924743 305537598 228103447 1672675 7796426 10513 0 0 0 0 0 40 0 0 0 0 0 0 0 6687048 5635561 6452393 26643896
