0 0 0 0 0 0 0 0 0 0 0 0 0 0 0 0 0 0 0 0 3 285984 0 0
0 0 0 0 0 0 0 0 0 0 0 0 0 0 0 0 0 0 0 0 0 0 0 0
0 0 0 8626 0 598520 0 0 0 0 0 0 0 726754 13 0 0 0 0 0 0 0 0 0
0 0 0 0 0 0 0 0 0 0 0 0 0 0 0 0 0 0 0 0 0 0 0 0
0 0 0 0 0 273658 605 0 0 0 0 0 0 464202 3444 0 0 0 0 0 0 0 0 0
0 0 0 0 0 0 0 0 0 0 0 0 0 0 0 0 0 0 0 0 0 0 0 0
0 0 0 0 0 0 0 0 0 0 0 0 0 0 0 0 0 0 0 0 0 0 0 0
0 0 0 0 0 0 0 0 0 0 0 0 0 0 0 0 0 0 0 0 0 0 0 0
0 0 0 0 0 0 0 0 0 0 0 0 0 0 0 0 0 0 0 0 0 0 0 0
0 0 0 0 408 0 0 0 5625698 5137335 484211 0 0 0 0 0 0 0 0 0 0 2190248 969 35809
0 0 0 0 0 0 0 0 446304 24501588 23956162 0 1452953 0 0 0 0 0 0 0 0 139694 4212 9389
18726649 0 0 0 0 6311 0 2351538 5594937 11233758 42110108 10566504 23491255 1825895 420452 0 0 0 0 0 0 78000 32380 63554
21538359 11065910 0 664 458 0 0 11766346 13228058 14543778 18297886 14589468 1809037 529 0 0 0 0 0 596 33728675 106096650 4107710 330875
11913024 1861889 0 0 98720 0 735204 19576477 35359326 22606988 128458699 38088085 4324391 94299 0 0 289723 0 0 21714491 76603709 32724789 7399311 1986034
0 0 369520 15235795 35418990 74294947 137895413 121892540 20084697 18725249 31499615 106594684 24005325 436702 0 0 137047054 55407204 372201 38564128 75077037 57559132 47750174 21485
0 0 198853 3051551 2711811 1615014 860688 544786 248717 267708 10600795 19705602 9999488 777169 315444 13454331 196607036 113644879 44952378 54719936 65997188 62844461 19323 0
0 0 0 2375190 10699374 5355647 1698445 3899820 2404814 1212681 120182312 8800254 39663336 32580710 10399316 111861007 368135934 317023599 301003361 37680877 180000801 580226748 1781972 7798502
0 4364 241020 0 10430422 43659663 32630688 18753410 8023984 16746634 33018740 41344323 52402302 26362064 15524782 55672031 40720163 2058125 122518 3351027 39999899 390763677 76539884 41989472
0 0 0 0 6878375 29217735 82664867 100354495 70205189 53702208 39614573 30836876 18712404 2541589 5575761 15170648 12688472 10533113 7027480 616391 3414194 38348210 84697188 15121855
5 0 0 0 2674582 52491189 29015457 42288903 25813168 19487418 16163637 33398853 16349620 12069939 9748289 3535999 4172717 6875479 4110257 940253 2697610 1117756 725845 352946
3087 0 265159 70828 7738 21643 175675 713968 951019 1709256 1133892 793718 113627 382272 164713 213534 500548 18125 18183 6785 4154 150517 51427 127148
0 0 548 0 0 0 0 384 104072 55025 77720 0 99 2333 2247 5093 5268 16374 180549 3644 2779 5105 7473 2915
0 0 0 0 0 0 0 0 0 0 0 0 37 0 1 0 0 0 0 0 0 0 0 0
0 0 0 0 0 0 0 0 0 0 0 0 0 0 0 0 0 0 0 0 0 0 0 0
0 0 0 0 0 0 0 0 0 0 0 0 0 0 0 0 0 0 0 0 0 0 0 0
0 0 0 0 0 0 0 0 0 0 0 0 0 0 0 3 11 6 33 24 1 753 84 0
5710 2401 538 200 3565 1162 72 0 732 6021 7121 38 1193 453 465 9 17 340 851 2683 1501 1088 6024 0
24132 147687 25951 17530 14069 22896 8168 7243 44999 34814 541232 6624 39116 11808 19263 32212 4626 6764 4137 2544 5050 11857 36827 10337
95838 0 47818 257140 674 226 572 5562 2797 14172 0 0 93442 217898 346491 1990906 544902 71146 13529 3863 12545 32009 15928 0
7084160 441206 2755 0 0 0 0 0 0 0 0 0 0 9355731 8216254 5415221 1794966 6927025 23633079 28736356 42536010 14083250 468544 0
68129653 0 0 0 0 0 0 0 0 0 0 0 0 2038727 35160476 7905900 7520331 10125573 17653204 37553050 31140014 0 0 0
2740 0 0 0 0 0 40 0 0 0 0 0 0 0 6687048 7338409 13753658 34765390 8333631 29492785 372444 71176 0 0
0 220141 0 0 0 0 0 0 70348 1350143 0 0 0 0 0 954 22919376 61696714 44795986 7520090 18007125 16993603 0 0
10898 3440 82517 7761 74711 0 0 0 1071 0 0 0 0 0 0 0 0 0 0 8982659 36791029 32002640 935039 0
3548954 2398433 579760 3213 12305 98031 0 20 2890 6449 0 0 0 0 0 0 0 0 30127 11340470 21748177 4145259 2549875 12339590
770939 2195929 268813 501484 188131 157820 12257 9188 193 117 0 9835 0 0 0 0 0 0 0 1452132 20023699 3402704 1062140 3394545
39571 650618 49921 60731 346707 774673 113127 1618 7778 277894 236988 7999 1386 0 0 0 0 0 0 0 1583428 17704658 11489487 79981993
1518723 4855631 6060856 255 2204 20498 0 0 0 0 1460 0 54 0 0 7905 0 0 0 518 19945 48779011 26033466 10310397
669719 6430698 0 0 16133 3601423 0 0 0 0 0 0 0 0 0 0 0 0 0 0 4060242 4918976 682830 0
0 267386 0 0 891353 15159 605 0 0 0 0 0 0 0 0 0 0 0 0 0 269520 925917 0 0
