0 0 0 0 0 0 0 0 30127 7887493 44775592 1744122 4544570 6896522 6448 0 0 0 9678401 39915389 89532360 52836108 14852170 13216521
0 0 0 0 0 0 0 0 26181844 13981030 11019856 23425981 7702152 0 0 0 369520 15235795 25839309 34379558 49098257 81918861 16138525 16758211
0 0 0 0 0 1703802 30220641 69818208 18614142 9963327 18190492 14577796 779503 0 0 0 198853 3201115 2788973 1617140 1000256 635152 285619 328536
0 0 0 0 30007082 12206900 8694592 32125299 17598857 42688325 6193759 25583 45593 0 0 0 0 2225626 10622212 5353521 1558877 3809454 2367912 1151853
0 0 0 3073744 13058189 4133386 6076496 8225126 25919720 43391767 58454267 9101336 6320 0 0 4364 241020 0 17308797 55294282 50262227 37546523 24467416 32357849
0 0 22038 8514884 7124541 4523476 1518508 3389466 6113417 1972917 9100644 3643473 1844041 0 0 0 0 0 2468476 63231542 92901533 111298992 73726242 48574494
429243 2509 103431 32240 236697 92997 26083 31571 1456 1857 5462 5023 2289 10190 5 0 0 0 206106 6842763 1147252 12551293 5848683 9003917
119110 4153 8282 3749 3488 23041 1539 2942 4976 4110 4574 10084 41769 147 3087 0 265707 70828 7738 21643 175675 713968 1052895 1764278
0 0 0 0 0 12 28 346 16 1133 0 863 1082 0 0 0 0 0 0 0 0 384 2196 3
0 0 0 0 0 0 0 0 22 8 1 84 0 0 0 0 0 0 0 0 0 0 0 0
0 0 0 0 0 0 0 0 0 0 0 0 0 0 0 0 0 0 0 0 0 0 0 0
0 0 0 0 0 0 0 0 0 0 0 0 0 0 0 0 0 0 0 0 0 0 0 0
0 0 37 0 1 7 0 0 0 0 19 3 0 0 0 0 0 0 0 0 0 0 0 0
831022 14819 12582 85719 136688 98274 185530 27957 196296 3887 4088 27250 2466 28357 10770 12600 6144 5537 11145 2606 4651 1586 8028 7456
7639099 2017269 1250808 1252767 676195 319568 1354190 35592 32762 34811 12694 95931 114952 555385 19072 137488 20345 12193 6489 21452 3589 5657 37703 33379
23762154 43559854 18025565 12466344 9682638 4725782 4295582 8263509 4625090 1139669 4731994 991088 1981743 8240307 626253 721 50376 257140 674 226 572 5562 2797 14172
47346238 38200265 36558476 3727017 10356540 37675529 17317430 10933489 6551616 2872206 11158096 57508907 129207279 145227673 17115372 440485 197 0 0 0 0 0 0 0
99593178 27261539 54217248 33808624 13487438 69979608 159066340 1728295 708243 2419409 101298935 199603419 311047316 49731005 57568026 0 0 0 0 0 0 0 0 0
31663038 14584480 17577325 22678537 7391053 87113875 355514178 385093619 345292624 59333297 151805594 232691177 146120221 18508 2740 0 0 0 0 0 40 0 70348 1350143
25211615 27241028 27781819 936272 0 0 152611393 69535562 161243 54598418 48480676 13577865 60912509 0 0 220141 0 0 0 0 0 0 0 0
43593417 92566612 10126999 197498 0 0 69769312 29958875 219053 31880127 75148031 5592590 52687637 21516 10898 3440 82517 7761 77324 54865 0 0 3961 6442
110528327 43907090 19834 94476 0 0 52960 0 0 5315708 84883714 105122137 36224202 2161975 4291447 4247715 805898 451806 9977 52578 0 1305 0 124
31160449 14054343 6481514 14298 0 0 0 0 0 596 2205 0 1015160 177446 28446 346647 42675 52891 187846 135144 25521 252372 193 30509
32427267 1311068 20271667 1811949 420452 0 0 0 0 0 0 13232 97424 48176 40949 715967 3183856 60731 346707 774673 113127 1618 7778 2916
11842546 0 0 0 0 0 0 0 0 0 0 66177 2253760 38006 1517345 4790282 2926921 255 2204 20498 0 0 0 0
0 0 0 0 0 0 0 0 0 0 0 0 13 27 669719 6698084 0 0 791406 3616582 605 0 0 0
0 0 0 0 0 0 0 0 0 0 0 0 0 0 0 0 0 0 116080 0 0 0 0 0
0 0 0 0 0 0 0 0 0 0 0 0 0 0 0 0 0 0 0 0 0 0 0 0
0 0 0 0 0 0 0 0 0 0 0 0 0 0 0 0 0 0 0 0 0 0 0 0
0 0 0 464202 3444 0 0 0 0 0 0 0 0 0 0 0 0 8626 0 598520 0 0 0 0
0 0 0 0 0 0 0 0 0 0 0 0 0 0 0 0 0 0 0 0 0 0 0 0
0 0 0 726754 13 0 0 0 0 0 0 0 0 0 0 0 0 0 0 273658 605 0 0 0
0 0 0 0 0 0 0 0 0 0 0 0 0 0 0 0 0 0 0 0 0 0 0 0
0 0 0 0 0 0 0 0 0 0 0 0 0 0 0 0 0 0 0 0 0 0 0 0
0 0 0 0 0 0 0 0 0 0 47131 452993 3457 0 0 0 0 0 0 0 0 0 0 0
0 0 0 0 0 0 0 0 0 0 1910810 1938496 478005 0 0 0 0 0 8 0 0 0 0 0
0 0 0 0 0 0 0 0 0 467 2391769 14623891 24898973 4260079 0 0 0 0 400 0 0 0 5625698 5137335
5134 1058 1209 0 0 7905 0 0 0 51 0 6045686 38577411 68486633 7253001 0 0 0 0 0 0 8726 1316698 25926370
233314 8329 231 0 0 0 0 0 0 0 16192967 12462933 10128509 23535126 23745933 0 0 0 0 6311 0 2342812 4724543 9808976
0 8447 0 0 0 0 0 0 0 5194689 8283409 735416 4531616 7108244 21173203 12927246 0 664 458 0 0 18480394 37681386 25901283
