0 0 0 0 0 0 116080 0 0 0 0 0 0 0 0 0 0 0 0 0 0 0 419215 3198
0 27 669719 6698084 0 0 791406 3616582 605 0 0 0 0 0 0 0 0 0 0 0 0 0 7140770 2611472
2406 38006 1517345 4790282 2926921 255 2204 20498 0 0 0 0 0 0 0 0 0 0 0 0 0 467 15210367 27018667
20275 48176 40949 715967 3183856 60731 346707 774673 113127 1618 7778 2916 226382 4830 1440 0 0 7905 0 0 0 51 9125401 7816429
4122590 353418 770939 2195929 268813 501484 188131 144556 25521 253657 193 30626 12066 13004 0 0 0 0 0 0 0 1452132 29652070 2690511
4744021 1986003 3548954 2398433 579760 3213 9692 43166 0 20 0 7 0 0 0 0 0 0 0 0 30127 11130807 10381394 2969650
42618178 21516 10898 3440 82517 7761 77324 54865 0 0 3961 6442 0 0 0 0 0 0 0 0 0 9192322 73140387 8195674
7806609 0 0 220141 0 0 0 0 0 0 0 0 0 0 0 0 0 947 705461 14566630 40718544 5688183 19989356 1845578
1470991 18508 2740 0 0 0 0 0 40 0 70348 1350143 0 0 0 0 1002 4091411 32477470 63131082 4264294 23749165 13538238 0
76850865 49769466 68129653 0 0 0 0 0 0 0 0 0 0 0 0 2038727 41846522 11152905 11010434 28889965 25799983 45128577 31165597 45593
78457211 13805537 6553745 440485 197 0 0 0 0 0 0 0 0 0 0 5573056 5588363 3612704 1143099 5489294 23401249 28580158 54401014 1232055
6887827 1352480 626253 721 50376 257140 674 226 572 5562 2797 14172 0 0 93442 4000573 2974382 3793423 1196769 1508877 245359 160061 894622 136123
126767 428618 19072 137488 20345 12193 6489 21452 3589 5657 37703 33379 540288 6223 33360 10922 19170 30886 3089 5629 3374 1025 14828 3
10128 18229 10770 12600 6144 5537 11145 2606 4651 1586 8028 7456 8065 439 6949 1339 558 1335 1554 1475 1614 5742 2525 600
0 0 0 0 0 0 0 0 0 0 0 0 0 0 0 0 0 3 11 6 33 25 753 84
0 0 0 0 0 0 0 0 0 0 0 0 0 0 0 0 0 0 0 0 0 0 0 0
0 0 0 0 0 0 0 0 0 0 0 0 0 0 0 0 0 0 0 0 0 0 0 0
0 0 0 0 0 0 0 0 0 0 0 0 0 0 37 0 1 0 0 0 0 0 0 0
1082 0 0 0 0 0 0 0 0 384 2196 3 0 0 0 521 15 403 299 68 349 359 551 11
41769 147 3087 0 265707 70828 7738 21643 175675 713968 1052895 1764278 1211612 793718 113726 384084 166945 218224 505517 34431 198383 10070 81107 80886
15928 10190 5 0 0 0 2674582 52491189 29015457 42288903 25813168 19487418 16163637 33398853 16349620 12069939 9748289 3535999 4172717 6875479 4110257 940253 3473219 342147
468544 0 0 0 0 0 0 17583116 65033328 81561382 53761757 38090993 23312484 22617093 4737117 1971440 906591 1884933 1777298 4824154 1578623 381776 2767608 4157496
0 0 0 4364 241020 0 17308797 55294282 50262227 37546523 24467416 32357849 49320829 49564106 66377589 26932213 20193952 68957746 51631337 7767084 5571375 3585642 213180256 252420620
0 0 0 0 0 2225626 10622212 5353521 1558877 3809454 2367912 1151853 114986538 6356422 30490991 18688464 7202766 65774287 276208464 157096993 46569447 14924743 305537598 228103447
0 0 0 0 198853 3201115 2788973 1617140 1000256 635152 285619 328536 15796569 22149434 19171833 14669415 3511994 59541051 288534506 273571485 299386292 77476070 262874776 92553377
935039 0 0 0 369520 15235795 35418990 74294947 137895413 121892540 20084697 18725249 31499615 106594684 24005325 436702 0 0 136793849 35416479 364658 27144301 79296705 40667779
1908306 6896522 6448 0 0 0 98720 0 735204 12862429 10905998 11249483 98301416 24855576 4324391 0 0 0 542928 19990725 7543 33112749 52123446 15191659
1703709 8837613 33444935 12927799 0 664 458 0 0 18480394 37681386 25901283 48455169 27821977 1809037 94828 0 0 0 0 0 22165 173401147 21109256
4423322 21805757 11473648 0 0 0 0 6311 0 2342812 4724543 9808976 35632150 10566504 17162489 957481 420452 0 0 0 0 0 0 37078
29522382 68486633 7253001 0 0 0 0 0 0 8726 1316698 25926370 30434120 0 7781719 868414 0 0 0 0 0 0 61471 119145
4260079 0 0 0 0 0 408 0 0 0 5625698 5137335 484211 0 0 0 0 0 0 0 0 0 17938 2172310
0 0 0 0 0 0 0 0 0 0 0 0 0 0 0 0 0 0 0 0 0 0 0 0
0 0 0 0 0 0 0 0 0 0 0 0 0 0 0 0 0 0 0 0 0 0 0 0
0 0 0 0 0 0 0 0 0 0 0 0 0 0 0 0 0 0 0 0 0 0 0 0
0 0 0 0 0 0 0 0 0 0 0 0 0 0 0 0 0 0 0 0 0 0 0 0
0 0 0 0 0 0 0 273658 605 0 0 0 0 0 0 464202 3444 0 0 0 0 0 0 0
0 0 0 0 0 0 0 0 0 0 0 0 0 0 0 0 0 0 0 0 0 0 0 0
0 0 0 0 0 8626 0 598520 0 0 0 0 0 0 0 726754 13 0 0 0 0 0 0 0
0 0 0 0 0 0 0 0 0 0 0 0 0 0 0 0 0 0 0 0 0 0 0 0
0 0 0 0 0 0 0 0 0 0 0 0 0 0 0 0 0 0 0 0 0 0 285728 259
