13031196 7257691 3347846 3189150 3137819 7980310 3676726 666635 4457557 1102772 45500811 11689217 1165905 14011 46889 238223 13 226 572 5406 259 0 0 0
34646968 3105863 10030221 37179601 16696901 7526415 5518152 2718115 10901338 57306247 223807904 3504309 16574802 427195 0 0 0 0 0 0 0 0 0 0
62221612 42514814 17366497 97552432 311142900 157337662 46622670 15792270 169659743 280850526 379084262 49747437 57570272 0 0 0 0 0 40 0 0 0 0 0
9572961 13972347 3511994 59541051 203437618 229484252 299378197 45960436 83444786 151444070 78083275 2076 494 0 0 0 0 0 0 0 70348 1350143 0 0
31610838 1133770 0 0 221890737 79503712 372753 58659935 92225439 15057186 87155920 0 10520 221024 639 973 23683 0 0 0 0 0 0 0
6317750 0 0 0 542928 19990725 7543 33112749 42009698 10113748 36162189 1059443 654953 116731 83758 6788 63333 96324 0 0 3961 6442 0 0
64 94476 0 0 0 0 0 21569 74277284 99121658 26506239 1124048 3636872 4133541 804018 451806 285 11119 0 1305 0 124 0 8447
18971462 957833 420452 0 0 0 0 596 2205 0 1064845 183956 42676 678383 42675 68691 315612 909817 54549 253990 1221 30970 233314 8329
7781719 868414 0 0 0 0 0 0 0 13232 47739 41666 26719 384231 3183856 44931 218941 0 84099 0 6750 2455 5134 1058
0 0 0 0 0 0 0 0 0 66177 2253773 38033 2184007 10945595 2926921 255 2204 2492394 0 0 0 0 0 0
0 0 0 0 0 0 0 0 0 0 0 0 3057 542771 0 0 907486 1144686 605 0 0 0 0 0
0 0 0 0 0 0 0 0 0 0 0 0 0 0 0 0 0 0 0 0 0 0 0 0
0 0 0 0 0 0 0 0 0 0 0 0 0 0 0 0 0 0 0 0 0 0 0 0
0 0 0 0 0 0 0 0 0 0 0 0 0 0 0 0 0 0 0 0 0 0 0 0
0 464202 3444 0 0 0 0 0 0 0 0 0 0 0 0 8626 0 598520 0 0 0 0 0 0
0 0 0 0 0 0 0 0 0 0 0 0 0 0 0 0 0 0 0 0 0 0 0 0
0 726754 13 0 0 0 0 0 0 0 0 0 0 0 0 0 0 273658 605 0 0 0 0 0
0 0 0 0 0 0 0 0 0 0 0 0 0 0 0 0 0 0 0 0 0 0 0 0
0 0 0 0 0 0 0 0 0 0 0 0 0 0 0 0 0 0 0 0 0 0 0 0
0 0 0 0 0 0 0 0 56817 648126 3457 0 0 0 0 0 0 0 0 0 0 0 0 0
0 0 0 0 0 0 0 0 1901124 1743363 478005 0 0 0 0 0 8 0 0 0 0 0 0 0
0 0 0 0 0 0 0 467 2391769 16314881 43539335 1392183 0 0 0 0 400 0 0 0 5948432 10084794 11842546 0
1440 0 0 7905 0 0 0 51 0 9125401 29450116 79801436 14171992 0 0 0 0 0 0 94351 2753880 23958702 32427267 1311068
0 0 0 0 0 0 0 0 16192967 7692228 4875521 10828140 16826389 553 0 0 0 6311 0 4923761 9955848 14062349 31160449 14054343
0 0 0 0 0 0 30127 12582939 15276686 871583 6439859 14001973 21179651 12927246 0 664 458 0 199383 17756339 34297543 24329002 110528327 43907090
0 0 0 0 0 0 0 499243 37782315 1607955 2636327 2793 0 0 0 0 9678401 39915389 89332977 50893589 11244792 7555638 34178399 37718995
0 0 0 947 705461 14566630 40718544 14381262 19903152 33836321 8481655 0 0 0 568373 18126115 28468633 35983114 49895140 82426068 16321937 17018550 34626633 82088645
0 0 1002 4091411 32477470 63131082 4264294 23749165 9370782 4167456 0 0 0 0 0 2280465 1579929 300873 472811 360473 384582 146711 31663038 14584480
0 0 30006080 9818344 5732302 24245795 17412005 28502255 6130173 25583 45593 0 0 0 0 255956 13963988 28277782 32056698 17472688 2706400 2112488 99593178 27261539
0 7611783 17428805 4947265 6421231 10133464 31789227 45206480 67318861 12091994 1524415 0 0 4364 241020 0 12546741 38023068 36719288 61689524 45615003 51689663 47346238 38200265
22038 3976845 2753925 3709597 1173773 1481128 243910 158204 236050 652815 325946 0 0 0 0 0 2468476 57291206 75677213 73260229 51957792 28203531 21089768 20193595
104764 34650 239627 114712 26085 33378 4823 2882 8496 12089 20465 10337 2284 0 260035 56359 213843 6864406 1322927 13168761 6546663 10463821 10311485 25383528
6949 1339 558 1335 1554 1475 1614 4202 1540 3125 23596 0 808 0 5672 14469 1 0 0 96500 354915 304374 831022 14819
0 0 0 3 11 6 33 24 1 837 1082 0 0 0 0 0 0 0 0 384 2196 3 0 0
0 0 0 0 0 0 0 0 0 0 0 0 0 0 0 0 0 0 0 0 0 0 0 0
0 0 0 0 0 0 0 0 0 0 0 0 0 0 0 0 0 0 0 0 0 0 0 0
0 0 0 0 0 0 0 0 0 0 0 0 0 0 0 0 0 0 0 0 0 0 0 0
37 521 16 403 299 68 349 359 261 290 11 1 123 40 0 0 0 0 0 0 0 0 0 0
113726 384084 166945 218224 505517 34431 198383 10070 6672 26963 2455 28356 10647 12560 6144 5537 11145 2606 4651 1586 8028 7456 8065 439
8055541 6783688 7307034 2231782 2812196 3719323 2012154 655394 541063 186907 136454 688644 19990 137488 24029 31110 7150 21452 3589 5813 40241 47551 540288 6223
