116080 0 0 0 0 0 0 0 0 0 0 0 0 0 0 0 56817 648126 3457 0 0 0 0 0
791406 1144686 605 0 0 0 0 0 0 0 0 0 0 0 0 0 1901124 1743363 478005 0 0 0 0 0
2204 2492394 0 0 0 0 0 0 0 0 0 0 0 0 0 467 2391769 16314881 29152134 15779384 0 0 0 0
346707 774673 113127 1618 7778 2916 226382 4830 1440 0 0 7905 0 0 0 51 0 9125401 7816429 101435123 14171992 0 0 0
187846 135144 25521 252372 193 30509 12066 4557 0 0 0 0 0 0 0 0 16192967 7692228 1943500 13760161 16826389 553 0 0
9977 52578 0 1305 0 124 0 8447 0 0 0 0 0 0 30127 12582939 15276686 871583 3716661 16725171 21179651 12927246 0 664
53641 54865 0 0 3961 6442 0 0 0 0 0 0 0 0 0 499243 37782315 1607955 1559597 1079523 0 0 0 0
23683 0 0 0 0 0 0 0 0 0 0 947 705461 14566630 40718544 14381262 19903152 33836321 8481655 0 0 0 568373 18126115
0 0 40 0 70348 1350143 0 0 0 0 1002 4091411 32477470 63131082 4264294 23749165 9370782 4167456 0 0 0 0 0 2280465
0 0 0 0 0 0 0 0 0 0 30006080 9818344 5732302 24245795 17412005 28502255 6130173 25583 45593 0 0 0 0 255956
0 0 0 0 0 0 0 0 0 7611783 17428805 4947265 6421231 10133464 31789227 45206480 67318861 12091994 1524415 0 0 4364 241020 0
13 226 572 5406 259 0 0 0 22038 3976845 2753925 3709597 1173773 1481128 243910 158204 236050 652815 325946 0 0 0 0 0
7150 21452 3589 5813 40241 47551 540288 6223 104764 34650 239627 114712 26085 33378 4823 2882 8496 12089 20465 10337 2284 0 260035 56359
11145 2606 4651 1586 8028 7456 8065 439 6949 1339 558 1335 1554 1475 1614 4202 1540 2525 24196 0 808 0 5672 14469
0 0 0 0 0 0 0 0 0 0 0 3 11 6 33 24 1 753 1166 0 0 0 0 0
0 0 0 0 0 0 0 0 0 0 0 0 0 0 0 0 0 0 0 0 0 0 0 0
0 0 0 0 0 0 0 0 0 0 0 0 0 0 0 0 0 0 0 0 0 0 0 0
0 0 0 0 0 0 0 0 0 0 0 0 0 0 0 0 0 0 0 0 0 0 0 0
0 0 0 384 2196 3 0 0 37 521 16 403 299 68 349 359 261 290 11 1 123 40 0 0
7738 21643 175675 713968 1052895 1764278 1211612 793718 113726 384084 166945 218224 505517 34431 198383 10070 6672 74435 2455 28356 10647 12560 6144 5537
206106 6842763 1147252 12551293 5848683 9003917 9930895 24604629 8055541 6783688 7307034 2231782 2812196 3719323 2012154 655394 541063 139435 136454 688644 19990 137488 24029 31110
2468476 63231542 92901533 111298992 73726242 48574494 29545226 31411317 13031196 7257691 3347846 3189150 3137819 7980310 3676726 666635 4457557 1102772 4441620 52748408 1165905 14011 46889 238223
12546741 32082732 19494968 23650761 23846553 31318700 38890780 26982543 34646968 3105863 10030221 37179601 16696901 7526415 5518152 2718115 10901338 57306247 126725900 100586313 16574802 427195 0 0
15384268 28565071 32326136 17705216 2988775 2191002 125416587 28937985 62221612 42514814 17366497 97552432 311142900 157337662 46622670 15792270 169659743 280850526 353798167 75033532 57570272 0 0 0
2788973 1617140 1000256 635152 10502898 68197 5839629 12908034 9572961 13972347 3511994 59541051 203437618 229484252 299378197 45960436 83444786 151444070 77973978 111373 494 0 0 0
25839309 34379558 49098257 81918861 16138525 16758211 24669693 72847245 22011966 19974042 0 0 221890737 79503712 372753 58659935 92225439 15057186 55247178 31908742 10520 221024 639 973
9678401 39915389 89532360 52836108 14852170 13216521 105131338 58603015 6317750 0 0 0 542928 19990725 7543 33112749 42009698 10113748 15191659 22029973 654953 116731 83758 6788
458 0 0 15813820 30690165 18668119 39575388 23023070 64 94476 0 0 0 0 0 21569 74277284 99121658 20978037 6652250 3636872 4133541 804018 451806
0 6311 0 5009386 11715764 17042140 44511931 15365411 18971462 957833 420452 0 0 0 0 596 2205 0 168297 1080504 42676 678383 42675 68691
0 0 0 8726 6264157 20978911 19075785 0 7781719 868414 0 0 0 0 0 0 0 13232 47739 41666 26719 384231 3183856 44931
400 0 0 0 5625698 5137335 484211 11358335 0 0 0 0 0 0 0 0 0 66177 2253773 38033 2184007 10945595 2926921 255
8 0 0 0 0 0 0 0 0 0 0 0 0 0 0 0 0 0 0 0 3057 542771 0 0
0 0 0 0 0 0 0 0 0 0 0 0 0 0 0 0 0 0 0 0 0 0 0 0
0 0 0 0 0 0 0 0 0 0 0 0 0 0 0 0 0 0 0 0 0 0 0 0
0 0 0 0 0 0 0 0 0 0 0 0 0 0 0 0 0 0 0 0 0 0 0 0
0 273658 605 0 0 0 0 0 0 464202 3444 0 0 0 0 0 0 0 0 0 0 0 0 8626
0 0 0 0 0 0 0 0 0 0 0 0 0 0 0 0 0 0 0 0 0 0 0 0
0 598520 0 0 0 0 0 0 0 726754 13 0 0 0 0 0 0 0 0 0 0 0 0 0
0 0 0 0 0 0 0 0 0 0 0 0 0 0 0 0 0 0 0 0 0 0 0 0
0 0 0 0 0 0 0 0 0 0 0 0 0 0 0 0 0 0 0 0 0 0 0 0
