0 0 0 0 0 0 0 0 0 0 0 0 0 0 0 0 0 0 0 0 0 0 0 0
13 0 0 0 0 0 0 0 0 0 0 0 0 0 0 273658 605 0 0 0 0 0 0 464202
0 0 0 0 0 0 0 0 0 0 0 0 0 0 0 0 0 0 0 0 0 0 0 0
0 0 0 0 0 0 3 285725 259 0 0 0 0 0 0 0 0 0 0 0 0 0 0 0
0 0 0 0 0 0 56814 362401 3198 0 0 0 0 0 0 0 0 0 0 0 0 0 0 0
0 0 0 0 0 0 4272948 2867822 3294302 0 0 0 0 0 408 0 0 0 0 0 0 0 0 0
0 7905 0 0 0 518 19945 18163486 56648991 10310397 0 0 0 0 0 0 0 0 6072002 29638923 24440373 0 1452953 0
0 0 0 0 0 0 0 6152337 13524163 70883222 14171992 0 0 0 0 0 0 94351 2630310 4404573 19829440 1311068 18818714 1811949
0 0 0 0 0 1452132 21607127 8044943 5937546 12493316 26093016 11065910 0 664 458 6311 0 14023533 16192685 21372963 40578554 23844904 6481578 14475
0 0 0 0 30127 11130807 9862526 518868 5377834 12336797 11913024 1861889 0 0 0 0 199383 8656567 28060706 17018388 101110222 34116529 19770 94299
0 0 0 0 0 9192322 48676680 24463707 9272404 2793 0 0 0 490781 25519553 54242001 112314648 96474600 20553420 14560253 43593417 92566612 10126999 197498
0 954 22919376 61696714 44795986 7520090 18007125 15148025 1845578 0 0 0 568373 17796565 12709968 21667960 26977274 36882636 7078614 10021304 25855470 37705230 28182435 1016373
1002 4091404 10263555 16000998 186852 21917258 372444 0 0 0 0 0 0 2119234 1497442 289415 409006 322894 319277 139342 31019183 4120278 17176709 22598436
41846522 11152905 11010434 28889965 25799983 45128577 31140014 25583 45593 0 0 4364 241020 255956 19632354 48725895 33920127 22330336 10109521 17819973 122181869 46024299 74888929 36344338
5588363 3612704 1143099 5489294 23401249 28580158 42309020 12091994 1524415 0 0 0 0 0 6878375 17574955 34855859 56831876 38211882 35982178 24757547 19437505 15886795 1191303
2974382 3793423 1196769 1508877 245359 160061 239535 655087 328235 0 0 0 0 0 2672954 64039882 75731657 82608299 53440918 32555987 23762154 43559854 18025565 12466344
19263 32212 4626 6764 4137 2544 5050 11857 36827 10337 3092 0 265159 70828 9366 115730 1268483 3917191 5316576 6360717 8392401 2032088 1263291 1336153
465 9 17 340 851 2683 1501 1088 6024 0 0 0 548 0 0 0 0 0 101876 55022 77720 0 99 2333
0 3 11 6 33 24 1 837 0 0 0 0 0 0 0 0 0 384 2196 3 0 0 37 0
0 0 0 0 0 0 0 0 0 0 0 0 0 0 0 0 0 0 0 0 0 0 0 0
0 0 0 0 0 0 0 0 0 0 0 0 0 0 0 0 0 0 0 0 0 0 0 0
1 0 0 0 0 0 0 0 0 0 0 0 0 0 0 0 0 0 0 0 0 0 0 0
2247 5093 5268 16374 180549 3644 2779 3994 1111 10388 5710 2401 538 200 3565 1162 72 0 732 6021 7121 38 1193 453
164713 213534 500548 18125 18183 6785 4154 70731 79786 178575 14674 28325 15026 7608 9547 22663 8168 6223 17284 3212 111989 4115 7089 3296
9748289 3535999 4172717 6875479 4110257 940253 2697610 775609 1067992 352946 105296 119362 58743 267062 5196 459 572 6582 30512 45774 429243 2509 125469 226410
906591 1884933 1777298 4824154 1578623 381776 2301010 466598 44699144 11656007 1070985 14011 2755 0 0 0 0 0 0 0 0 0 0 8320714
20193952 68957746 51631337 7767084 5571375 3585642 41113083 172067173 373116044 45455320 74134561 427195 0 0 0 0 0 0 0 0 0 0 0 3073744
10399316 111861007 368135934 317023599 364312298 14924743 139447998 166089600 229776122 7796426 10513 0 0 0 0 0 40 0 0 0 0 0 0 0
315444 13454331 196607036 113644879 44952378 54719936 65997188 47962505 14901279 186145074 494 0 0 0 0 0 0 0 70348 1350143 0 0 0 0
0 0 137047054 55407204 372201 38564128 75077037 10683533 94625773 21485 10898 223581 82517 7761 74711 0 0 0 1071 0 0 0 0 0
0 0 289723 0 0 21692922 36052895 9606686 14093614 1037958 654575 114174 1880 0 12305 96324 0 0 2890 6442 0 0 0 0
0 0 0 0 0 22165 74279489 99121658 27506502 1278951 3654679 4291434 846693 504697 25719 12816 12257 9208 193 124 0 9835 0 0
420452 0 0 0 0 4380 0 0 64582 29053 24869 520490 0 15800 290178 908120 42292 246087 1028 30970 233314 6941 231 0
0 0 0 0 0 0 0 57091 86815 85308 34701 558957 4296821 44931 220689 0 84099 0 6750 2455 5134 1058 1209 0
0 0 0 0 0 0 0 17938 2173279 35809 2179082 11046254 1813956 255 16589 3621921 0 0 0 0 0 0 0 0
0 0 0 0 0 0 0 0 0 0 0 267386 0 0 891353 15159 605 0 0 0 0 0 0 0
0 0 0 0 0 0 0 0 0 0 0 0 0 0 0 0 0 0 0 0 0 0 0 0
0 0 0 0 0 0 0 0 0 0 0 0 0 0 0 0 0 0 0 0 0 0 0 0
0 0 0 0 0 0 0 0 0 0 0 0 0 0 0 0 0 0 0 0 0 0 0 0
3444 0 0 0 0 0 0 0 0 0 0 0 0 8626 0 598520 0 0 0 0 0 0 0 726754
