3488 23041 1539 2942 4976 4110 4574 10084 41769 147 3087 0 265707 70828 7738 21643 175675 713968 1052895 1764278 1211612 793718 113726 384084
362731 2000077 547989 74968 13536 3863 14522 34760 15928 10190 5 0 0 0 2674582 52491189 29015457 42288903 25813168 19487418 16163637 33398853 16349620 12069939
6998507 2616396 996602 3346069 6101337 1970911 9091584 4975594 468544 0 0 0 0 0 0 17583116 65033328 81561382 53761757 38090993 23312484 22617093 4737117 1971440
36378223 10704725 8318695 13706529 35184946 64318495 64584440 9107656 0 0 0 4364 241020 0 17308797 55294282 50262227 37546523 24467416 32357849 49320829 49564106 66377589 26932213
6687048 5635561 6452393 26643896 8333631 21761597 89169 45593 0 0 0 0 0 2225626 10622212 5353521 1558877 3809454 2367912 1151853 114986538 6356422 30490991 18688464
0 1703802 30220641 69818208 18614142 9963327 32768288 779503 0 0 0 0 198853 3201115 2788973 1617140 1000256 635152 285619 328536 15796569 22149434 19171833 14669415
0 0 0 0 26181844 14270610 61802628 8752836 935039 0 0 0 369520 15235795 35418990 74294947 137895413 121892540 20084697 18725249 31499615 106594684 24005325 436702
0 0 0 0 30127 7597913 19162923 650541 1908306 6896522 6448 0 0 0 98720 0 735204 12862429 10905998 11249483 98301416 24855576 4324391 0
0 0 0 0 0 5194689 24742556 4763819 1703709 8837613 33444935 12927799 0 664 458 0 0 18480394 37681386 25901283 48455169 27821977 1809037 94828
0 0 0 0 0 0 12932169 3769275 4423322 21805757 11473648 0 0 0 0 6311 0 2342812 4724543 9808976 35632150 10566504 17162489 957481
0 7905 0 0 0 51 6045686 9055029 29522382 68486633 7253001 0 0 0 0 0 0 8726 1316698 25926370 30434120 0 7781719 868414
0 0 0 0 0 467 19892054 25372047 4260079 0 0 0 0 0 408 0 0 0 5625698 5137335 484211 0 0 0
0 0 0 0 0 0 972912 4931 0 0 0 0 0 0 0 0 0 0 0 0 0 0 0 0
0 0 0 0 0 0 500124 3457 0 0 0 0 0 0 0 0 0 0 0 0 0 0 0 0
0 0 0 0 0 0 0 0 0 0 0 0 0 0 0 0 0 0 0 0 0 0 0 0
0 0 0 0 0 0 0 0 0 0 0 0 0 0 0 0 0 0 0 0 0 0 0 0
13 0 0 0 0 0 0 0 0 0 0 0 0 0 0 273658 605 0 0 0 0 0 0 464202
0 0 0 0 0 0 0 0 0 0 0 0 0 0 0 0 0 0 0 0 0 0 0 0
3444 0 0 0 0 0 0 0 0 0 0 0 0 8626 0 598520 0 0 0 0 0 0 0 726754
0 0 0 0 0 0 0 0 0 0 0 0 0 0 0 0 0 0 0 0 0 0 0 0
0 0 0 0 0 0 0 0 0 0 0 0 0 0 0 0 0 0 0 0 0 0 0 0
0 0 0 0 0 0 0 0 0 0 0 0 0 0 116080 0 0 0 0 0 0 0 0 0
0 0 0 0 0 0 0 13 0 27 669719 6698084 0 0 791406 3616582 605 0 0 0 0 0 0 0
0 0 0 0 0 0 0 2332704 2406 38006 1517345 4790282 2926921 255 2204 20498 0 0 0 0 0 0 0 0
420452 0 0 0 0 0 4380 73603 17500 41011 48114 715967 3183856 60731 346707 774673 113127 1618 7778 2916 226382 4830 1440 0
0 0 0 0 0 596 129765999 10059343 4122590 353418 770939 2195929 268813 501484 188131 144556 25521 253657 193 30626 12066 13004 0 0
0 0 52960 0 0 5315708 60242057 18313408 4744021 1986003 3548954 2398433 579760 3213 9692 43166 0 20 0 7 0 0 0 0
0 0 69769312 29958875 219053 31880127 80740621 10069459 42618178 21516 10898 3440 82517 7761 77324 54865 0 0 3961 6442 0 0 0 0
315444 13454331 264121541 139093208 45105526 77802720 148032314 53408457 7806609 0 0 220141 0 0 0 0 0 0 0 0 0 0 0 0
7075609 73659544 244004030 315535973 300348341 36128995 298522998 144346673 1470991 18508 2740 0 0 0 0 0 40 0 70348 1350143 0 0 0 0
18848489 93873494 164852067 3545751 777538 4902909 357572763 390548691 76850865 49769466 68129653 0 0 0 0 0 0 0 0 0 0 0 0 2038727
4995489 13781643 11531703 9116033 6482321 388706 11996594 25781503 78457211 13805537 6553745 440485 197 0 0 0 0 0 0 0 0 0 0 5573056
9682638 4725782 4295582 8263509 4625090 1139669 5723082 1981743 6887827 1352480 626253 721 50376 257140 674 226 572 5562 2797 14172 0 0 93442 4000573
676195 319568 1354190 35592 32762 34811 108625 114952 126767 428618 19072 137488 20345 12193 6489 21452 3589 5657 37703 33379 540288 6223 33360 10922
136688 98274 185530 27957 196296 3887 31338 2466 10128 18229 10770 12600 6144 5537 11145 2606 4651 1586 8028 7456 8065 439 6949 1339
1 7 0 0 0 19 3 0 0 0 0 0 0 0 0 0 0 0 0 0 0 0 0 0
0 0 0 0 0 0 0 0 0 0 0 0 0 0 0 0 0 0 0 0 0 0 0 0
0 0 0 0 0 0 0 0 0 0 0 0 0 0 0 0 0 0 0 0 0 0 0 0
0 0 0 0 22 8 1 0 84 0 0 0 0 0 0 0 0 0 0 0 0 0 37 0
0 12 28 346 16 1133 0 863 1082 0 0 0 0 0 0 0 0 384 2196 3 0 0 0 521
