104072 55025 77720 0 99 2333 2247 5093 5268 16374 180549 3644 6773 1111 7473 2915 5710 2401 538 200 3565 1162 72 0
0 0 0 0 37 0 1 0 0 0 0 0 0 0 0 0 0 0 0 0 0 0 0 0
0 0 0 0 0 0 0 0 0 0 0 0 0 0 0 0 0 0 0 0 0 0 0 0
0 0 0 0 0 0 0 0 0 0 0 0 0 0 0 0 0 0 0 0 0 0 0 0
0 0 0 0 0 0 0 3 11 6 33 24 1 753 84 0 0 0 0 0 0 0 0 0
732 6021 7121 38 1193 453 465 9 17 340 851 2683 1501 1088 6024 0 0 0 548 0 0 0 0 384
44999 34814 541232 6624 39116 11808 19263 32212 4626 6764 4137 2544 5050 11857 36827 10337 3092 0 265159 70828 9366 115730 1268483 3917191
2797 14172 0 0 93442 217898 346491 1990906 544902 71146 13529 3863 12545 32009 15928 0 0 0 0 0 2672954 52397102 27922649 39085680
0 0 0 0 0 9355731 8216254 5415221 1794966 6927025 23633079 28736356 42536010 14083250 468544 0 0 0 0 0 6878375 29217735 82664867 100354495
0 0 0 0 0 2038727 35160476 7905900 7520331 10125573 17653204 37553050 31140014 0 0 0 0 4364 241020 0 10430422 43659663 32630688 18753410
0 0 0 0 0 0 6687048 7338409 13753658 34765390 8333631 29492785 372444 71176 0 0 0 0 0 2375190 10699374 5355647 1698445 3899820
70348 1350143 0 0 0 0 0 954 22919376 61696714 44795986 7520090 18007125 16993603 0 0 0 0 568373 17796565 12709968 21667960 26977274 36882636
1071 0 0 0 0 0 0 0 0 0 0 8982659 36791029 32002640 935039 0 0 0 0 490781 25420833 54242001 111778827 85554690
2890 6449 0 0 0 0 0 0 0 0 30127 11340470 21748177 4145259 2549875 12339590 11913024 1861889 0 0 98720 0 735204 19576477
193 117 0 9835 0 0 0 0 0 0 0 1452132 20023699 3402704 1062140 3394545 21538359 11065910 0 664 458 0 0 11766346
7778 33425 236988 7999 1386 0 0 0 0 0 0 0 1583428 17704658 11489487 79981993 18726649 0 0 0 0 6311 0 2351538
0 0 1460 0 54 0 0 7905 0 0 0 518 18183431 30615525 26033466 10310397 0 0 0 0 0 0 0 0
0 0 0 0 0 0 0 0 0 0 0 0 6372677 2606541 682830 0 0 0 0 0 408 0 0 0
0 0 0 0 0 0 0 0 0 0 0 0 1187308 8129 0 0 0 0 0 0 0 0 0 0
0 0 0 0 0 0 0 0 0 0 0 0 285728 259 0 0 0 0 0 0 0 0 0 0
0 0 0 0 0 0 0 0 0 0 0 0 0 0 0 0 0 0 0 0 0 0 0 0
0 0 0 0 0 726754 13 0 0 0 0 0 0 0 0 0 0 0 0 0 0 0 0 0
0 0 0 0 0 0 0 0 0 0 0 0 0 0 0 0 0 0 0 0 0 273658 605 0
0 0 0 0 0 464202 3444 0 0 0 0 0 0 0 0 0 0 0 0 8626 0 598520 0 0
0 0 0 0 0 0 0 0 0 0 0 0 0 0 0 0 0 0 0 0 0 0 0 0
0 0 0 0 0 0 0 0 0 0 0 0 0 0 0 0 0 0 0 0 0 0 0 0
0 0 0 0 0 0 0 0 0 0 0 0 0 0 0 0 0 0 0 0 0 0 0 0
0 0 0 0 0 0 0 0 0 0 0 0 0 0 0 0 0 267386 0 0 891353 15159 605 0
5625698 5137335 484211 0 0 0 0 0 0 0 0 0 0 2190248 969 35809 2179082 11046254 1813956 255 16589 3621921 0 0
446304 24501588 23956162 0 1452953 0 0 0 0 0 0 0 0 139694 4212 9389 9360 240075 4246900 0 1748 0 0 0
5594937 11233758 42110108 10566504 23491255 1825895 420452 0 0 0 0 0 0 78000 32380 63554 50210 839372 49921 60731 509119 908120 126391 246087
13228058 14543778 18297886 14589468 1809037 529 0 0 0 0 0 596 33728675 106096650 4107710 330875 760300 2007175 268813 501484 25719 11109 12257 9188
35359326 22606988 128458699 38088085 4324391 94299 0 0 289723 0 0 21714491 76603709 32724789 7399311 1986034 3548954 2398433 579760 3213 12305 98031 0 20
20084697 18725249 31499615 106594684 24005325 436702 0 0 137047054 55407204 372201 38564128 75077037 57559132 47750174 21485 10898 223581 82517 7761 74711 0 0 0
248717 267708 10600795 19705602 9999488 777169 315444 13454331 196607036 113644879 44952378 54719936 65997188 62844461 19323 0 0 0 0 0 0 0 0 0
2404814 1212681 120182312 8800254 39663336 32580710 10399316 111861007 368135934 317023599 301003361 37680877 180000801 580226748 1781972 7798502 11007 0 0 0 0 0 40 0
8023984 16746634 33018740 41344323 52402302 26362064 15524782 55672031 40720163 2058125 122518 3351027 201643080 229120496 76539884 41989472 68121386 0 0 0 0 0 0 0
70205189 53702208 39614573 30836876 18712404 2541589 5575761 15170648 12688472 10533113 7027480 616391 14304784 27457620 84697188 15121855 7084160 441206 2755 0 0 0 0 0
25813168 19487418 16163637 33398853 16349620 12069939 9748289 3535999 4172717 6875479 4110257 940253 3473219 342147 725845 352946 105296 119362 47818 257140 674 226 572 5562
951019 1709256 1133892 793718 113627 382272 164713 213534 500548 18125 18183 6785 74885 79786 51427 127148 14674 28325 25951 17530 14069 22896 8168 7243
