0 0 0 0 0 0 0 0 0 0 0 0 0 0 0 0 0 0 0 0 22 8 1 0
7473 2915 5710 2401 538 200 3565 1162 72 0 732 0 0 0 0 0 0 12 28 346 16 1133 0 863
51427 127148 14674 28325 15026 7608 9547 22663 8168 6223 17284 9233 119110 4153 8282 3749 3488 23041 1539 2942 4976 4110 4574 10084
725845 352946 105296 119362 58743 267062 5196 459 572 6582 30512 45774 429243 2509 125469 226410 362731 2000077 547989 74968 13536 3863 14522 34760
40541648 11656007 1070985 14011 2755 0 0 0 0 0 0 0 0 0 0 8320714 6998507 2616396 996602 3346069 6101337 1970911 9091584 4975594
120695424 45455320 74134561 427195 0 0 0 0 0 0 0 0 0 0 0 3073744 36378223 10704725 8318695 13706529 35184946 64318495 64584440 9107656
1672675 7796426 10513 0 0 0 0 0 40 0 0 0 0 0 0 0 6687048 5635561 6452393 26643896 8333631 21761597 63586 71176
128620 2076 494 0 0 0 0 0 0 0 70348 1350143 0 0 0 0 0 1703802 30220641 69818208 18614142 9963327 18190492 15357299
47750174 21485 10898 223581 82517 7761 74711 0 0 0 1071 0 0 0 0 0 0 0 0 0 26181844 14270610 36916520 33638944
5109775 1037958 654575 114174 1880 0 12305 96324 0 0 2890 6442 0 0 0 0 0 0 0 0 30127 7597913 18878928 934536
6397246 1278951 3654679 4291434 846693 504697 25719 12816 12257 9208 193 124 0 9835 0 0 0 0 0 0 0 5194689 22892948 6613427
27504 29053 24869 520490 0 15800 290178 908120 42292 246087 1028 30970 233314 6941 231 0 0 0 0 0 0 0 1583428 15118016
9088 43890 34701 558957 4296821 44931 220689 0 84099 0 6750 2455 5134 1058 1209 0 0 7905 0 0 0 51 0 15100715
969 35809 2179082 11046254 1813956 255 16589 3621921 0 0 0 0 0 0 0 0 0 0 0 0 0 467 4080187 41183914
0 0 0 267386 0 0 891353 15159 605 0 0 0 0 0 0 0 0 0 0 0 0 0 222392 755451
0 0 0 0 0 0 0 0 0 0 0 0 0 0 0 0 0 0 0 0 0 0 47131 456450
0 0 0 0 0 0 0 0 0 0 0 0 0 0 0 0 0 0 0 0 0 0 0 0
0 0 0 0 0 0 0 0 0 0 0 0 0 0 0 0 0 0 0 0 0 0 0 0
0 0 0 0 0 8626 0 598520 0 0 0 0 0 0 0 726754 13 0 0 0 0 0 0 0
0 0 0 0 0 0 0 0 0 0 0 0 0 0 0 0 0 0 0 0 0 0 0 0
0 0 0 0 0 0 0 273658 605 0 0 0 0 0 0 464202 3444 0 0 0 0 0 0 0
0 0 0 0 0 0 0 0 0 0 0 0 0 0 0 0 0 0 0 0 0 0 0 0
0 0 0 0 0 0 0 0 0 0 0 0 0 0 0 0 0 0 0 0 0 0 0 0
0 0 0 0 0 0 0 0 0 0 0 0 0 0 0 0 0 0 0 0 0 0 0 0
682830 0 0 0 0 0 408 0 0 0 0 0 0 0 0 0 0 0 0 0 0 0 0 13
26033466 10310397 0 0 0 0 0 0 0 0 6072002 29638923 24440373 0 1452953 0 0 0 0 0 0 0 0 2329929
9304592 70883222 14171992 0 0 0 0 0 0 94351 2630310 4404573 19829440 1311068 18818714 1811949 420452 0 0 0 0 0 0 77983
3247035 12493316 26093016 11065910 0 664 458 6311 0 14023533 16192685 21372963 40578554 23844904 6481578 14475 0 0 0 0 0 596 33728675 106096667
2408184 12336797 11913024 1861889 0 0 0 0 199383 8656567 28060706 17018388 101110222 34116529 19770 94299 0 0 52960 0 0 5315708 51157244 27398221
1076730 2793 0 0 0 490781 25519553 54242001 112314648 96474600 20553420 14560253 43593417 92566612 10126999 197498 0 0 69769312 29958875 219053 31880127 75148031 15662049
0 0 0 0 568373 17796565 12709968 21667960 26977274 36882636 7078614 10021304 25855470 37705230 28182435 1016373 315444 13454331 264121541 139093208 45105526 77802720 91372659 110068112
0 0 0 0 0 2119234 1497442 289415 409006 322894 319277 139342 31019183 4120278 17176709 22598436 7075609 73659544 244004030 315535973 300348341 36128995 108913611 333956060
0 0 0 4364 241020 255956 19632354 48725895 33920127 22330336 10109521 17819973 122181869 46024299 74888929 36344338 18848489 93873494 164852067 3545751 777538 4902909 111087089 637034365
292360 0 0 0 0 0 6878375 17574955 34855859 56831876 38211882 35982178 24757547 19437505 15886795 1191303 4995489 13781643 11531703 9116033 6482321 388706 1369942 36408155
192112 0 0 0 0 0 2672954 64039882 75731657 82608299 53440918 32555987 23762154 43559854 18025565 12466344 9682638 4725782 4295582 8263509 4625090 1139669 4731994 2972831
36827 10337 3092 0 265159 70828 9366 115730 1268483 3917191 5316576 6360717 8392401 2032088 1263291 1336153 676195 319568 1354190 35592 32762 34811 12694 210883
6024 0 0 0 548 0 0 0 0 0 101876 55022 77720 0 99 2333 136688 98274 185530 27957 196296 3887 4088 29716
84 0 0 0 0 0 0 0 0 384 2196 3 0 0 37 0 1 7 0 0 0 0 19 3
0 0 0 0 0 0 0 0 0 0 0 0 0 0 0 0 0 0 0 0 0 0 0 0
0 0 0 0 0 0 0 0 0 0 0 0 0 0 0 0 0 0 0 0 0 0 0 0
