0 0 0 0 0 0 0 0 0 0 0 0 0 0 13 27 669719 6430698 0 0 16133 3601423 0 0
0 0 0 0 0 0 0 0 0 0 0 0 0 0 0 0 0 267386 0 0 891353 15159 605 0
0 0 0 0 0 0 0 0 0 0 0 0 0 0 0 0 0 0 0 0 0 0 0 0
0 0 0 0 0 0 0 0 0 0 0 0 0 0 0 0 0 0 0 0 0 0 0 0
0 0 0 0 0 464202 3444 0 0 0 0 0 0 0 0 0 0 0 0 8626 0 598520 0 0
0 0 0 0 0 0 0 0 0 0 0 0 0 0 0 0 0 0 0 0 0 0 0 0
0 0 0 0 0 726754 13 0 0 0 0 0 0 0 0 0 0 0 0 0 0 273658 605 0
0 0 0 0 0 0 0 0 0 0 0 0 0 0 0 0 0 0 0 0 0 0 0 0
0 0 0 0 0 0 0 0 0 0 0 0 0 0 0 0 0 0 0 0 0 0 0 0
0 0 0 0 0 0 0 0 0 0 0 0 47131 452993 3457 0 0 0 0 0 0 0 0 0
0 0 0 0 0 0 0 0 0 0 0 0 222392 750520 4931 0 0 0 0 0 0 0 0 0
0 0 0 0 0 0 0 0 0 0 0 467 4080187 15811867 25372047 4260079 0 0 0 0 408 0 0 0
0 0 1460 0 54 0 0 7905 0 0 0 51 0 4664054 7850019 32766614 0 0 0 0 0 0 0 0
7778 33425 236988 7999 1386 0 0 0 0 0 0 0 1583428 12730373 4974285 91471480 18726649 0 0 0 0 6311 0 2351538
193 124 0 9835 0 0 0 0 0 0 0 1452132 20023699 1466907 2997937 3394545 21538359 11065910 0 664 458 0 0 11766346
2890 6442 0 0 0 0 0 0 0 0 30127 11340470 21748177 666696 6028438 12339590 11913024 1861889 0 0 98720 0 735204 19576477
1071 0 0 0 0 0 0 0 0 0 26181844 14270610 36916520 24886108 9687875 0 0 0 369520 15235795 35418990 74294947 137895413 121892540
70348 1350143 0 0 0 0 0 954 22919376 61696714 18614142 2232139 17881634 14577796 779503 0 0 0 198853 3051551 2711811 1615014 860688 544786
0 0 0 0 0 0 6687048 7338409 13753658 34765390 8333631 29492785 372444 25583 45593 0 0 0 0 2375190 10699374 5355647 1698445 3899820
0 0 0 0 0 4291491 35160476 7905900 7520331 10125573 17653204 37553050 31140014 0 0 0 0 4364 241020 0 10430422 43659663 32630688 18753410
0 0 0 0 0 8320714 6998507 5415221 1794966 6927025 23633079 28736356 42536010 12729717 1822077 0 0 0 0 0 6878375 29217735 82664867 100354495
30512 45774 429243 2509 125469 226410 362731 2000077 547989 74968 13536 3863 14522 20115 30573 10190 5 0 0 0 2674582 52491189 29015457 42288903
17284 3212 111989 4115 7089 3296 3023 23041 1539 2942 4130 2544 3073 8503 37430 147 3087 0 265159 70828 7738 21643 175675 713968
732 6021 7121 38 1193 453 465 12 28 346 862 2699 1501 1841 6024 0 0 0 548 0 0 0 0 384
0 0 0 0 0 0 0 0 0 0 22 8 1 84 0 0 0 0 0 0 0 0 0 0
0 0 0 0 0 0 0 0 0 0 0 0 0 0 0 0 0 0 0 0 0 0 0 0
0 0 0 0 0 0 0 0 0 0 0 0 0 0 0 0 0 0 0 0 0 0 0 0
2196 3 0 0 37 0 1 7 0 0 0 0 19 3 0 0 0 0 0 0 0 0 0 0
101876 55022 77720 0 99 2333 2247 5086 5268 16374 180549 3644 2760 3991 1111 10388 5710 2401 538 200 3565 1162 72 0
5316576 6360717 8392401 2032088 1263291 1336153 810636 412756 1534452 47175 48509 35054 14022 119190 116307 573354 24132 147687 25951 17530 14069 22896 8168 7243
21447611 14835957 8905128 32160483 15199956 11116058 9102366 3336777 3138813 6846429 4079931 911984 2687742 727150 305626 684012 95838 0 47818 257140 674 226 572 5562
70205189 53702208 39614573 30836876 18712404 2541589 5575761 15170648 12688472 10533113 7027480 616391 3414194 10890590 27457620 99819043 7084160 441206 2755 0 0 0 0 0
10109521 17819973 122181869 46024299 74888929 36344338 18848489 93873494 164852067 3545751 777538 4902909 111087089 246485674 390548691 126620331 68129653 0 0 0 0 0 0 0
319277 139342 31019183 4120278 17176709 22598436 7075609 73659544 244004030 315535973 300348341 36128995 108913611 189609387 144346673 1489499 2740 0 0 0 0 0 40 0
7078614 10021304 25855470 37705230 28182435 1016373 315444 13454331 264121541 139093208 45105526 77802720 91372659 56659655 61215066 0 0 220141 0 0 0 0 0 0
13254800 8971653 16244940 88595056 5822378 197498 0 0 69532549 29958875 219053 15481344 49701566 1986383 48311986 21485 10898 3440 82517 7761 74711 0 0 0
35359326 22606988 128458699 38088085 4324391 94299 0 0 289723 0 0 21714491 76603709 12691020 27433080 1986034 3548954 2398433 579760 3213 12305 98031 0 20
16192685 21372963 40578554 23844904 6481578 14475 0 0 0 0 0 596 33728675 96037324 14181933 353418 770939 2195929 268813 501484 188131 144556 25521 253657
2630310 4404573 19829440 1311068 18818714 1811949 420452 0 0 0 0 0 0 4380 91103 41011 39571 650618 49921 60731 346707 774673 113127 1618
6072002 29638923 24440373 0 1452953 0 0 0 0 0 0 0 0 75029 2260081 45171 1518723 4855631 6060856 255 2204 20498 0 0
