0 5315708 84883714 105122137 36224202 2161975 4291447 4247715 805898 451806 9977 52578 0 1305 0 124 0 8447 0 0 0 0 0 0
0 596 2205 0 1015160 177446 28446 346647 42675 52891 187846 135144 25521 252372 193 30509 12066 4557 0 0 0 0 0 0
0 0 0 13232 97424 48176 40949 715967 3183856 60731 346707 774673 113127 1618 7778 2916 226382 4830 1440 0 0 7905 0 0
0 0 0 66177 2253760 38006 1517345 4790282 2926921 255 2204 20498 0 0 0 0 0 0 0 0 0 0 0 0
0 0 0 13 0 27 669719 6698084 0 0 791406 3616582 605 0 0 0 0 0 0 0 0 0 0 0
0 0 0 0 0 0 0 0 0 0 116080 0 0 0 0 0 0 0 0 0 0 0 0 0
0 0 0 0 0 0 0 0 0 0 0 0 0 0 0 0 0 0 0 0 0 0 0 0
0 0 0 0 0 0 0 0 0 0 0 0 0 0 0 0 0 0 0 0 0 0 0 0
0 0 0 0 0 0 0 0 0 8626 0 598520 0 0 0 0 0 0 0 726754 13 0 0 0
0 0 0 0 0 0 0 0 0 0 0 0 0 0 0 0 0 0 0 0 0 0 0 0
0 0 0 0 0 0 0 0 0 0 0 273658 605 0 0 0 0 0 0 464202 3444 0 0 0
0 0 0 0 0 0 0 0 0 0 0 0 0 0 0 0 0 0 0 0 0 0 0 0
0 0 0 0 0 0 0 0 0 0 0 0 0 0 0 0 0 0 0 0 0 0 0 0
0 0 47131 452993 3457 0 0 0 0 0 0 0 0 0 0 0 0 0 0 0 0 0 0 0
0 0 1910810 1938496 478005 0 0 0 0 0 8 0 0 0 0 0 0 0 0 0 0 0 0 0
0 467 2391769 14623891 29159052 0 0 0 0 0 400 0 0 0 5625698 5137335 484211 0 0 0 0 0 0 0
0 51 0 6045686 38577411 68486633 7253001 0 0 0 0 0 0 8726 1316698 25926370 30434120 0 7781719 868414 0 0 0 0
0 0 16192967 12462933 10128509 35807411 11473648 0 0 0 0 6311 0 2342812 4724543 9808976 35632150 10566504 17162489 957481 420452 0 0 0
0 5194689 8283409 735416 4531616 7108244 21173203 12927246 0 664 458 0 0 18480394 37681386 25901283 48455169 27821977 1809037 94828 0 0 0 0
30127 7887493 44775592 1744122 4544570 6896522 6448 0 0 0 9678401 39915389 89532360 52836108 14852170 13216521 105131338 58603015 6317750 0 0 0 542928 19990725
26181844 13981030 11019856 23425981 7702152 0 0 0 369520 15235795 25839309 34379558 49098257 81918861 16138525 16758211 24669693 72847245 22011966 436702 0 0 136793849 35416479
18614142 9963327 18190492 14577796 779503 0 0 0 198853 3201115 2788973 1617140 1000256 635152 285619 328536 15796569 22149434 19171833 14669415 3511994 59541051 288534506 273571485
17598857 42688325 6193759 25583 45593 0 0 0 0 2225626 10622212 5353521 1558877 3809454 2367912 1151853 114986538 6356422 30490991 18688464 7202766 65774287 276208464 157096993
25919720 43391767 58454267 9101336 6320 0 0 4364 241020 0 17308797 55294282 50262227 37546523 24467416 32357849 49320829 49564106 66377589 26932213 20193952 68957746 51631337 7767084
6113417 1972917 9100644 5003042 484472 0 0 0 0 0 2468476 63231542 92901533 111298992 73726242 48574494 29545226 31411317 13031196 7257691 3347846 3189150 3137819 7980310
1456 1857 5462 7312 0 10190 5 0 0 0 206106 6842763 1147252 12551293 5848683 9003917 9930895 24604629 8055541 6783688 7307034 2231782 2812196 3719323
4976 4110 4574 10084 41769 147 3087 0 265707 70828 7738 21643 175675 713968 1052895 1764278 1211612 793718 113726 384084 166945 218224 505517 34431
16 1133 0 863 1082 0 0 0 0 0 0 0 0 384 2196 3 0 0 0 521 15 403 299 68
22 8 1 84 0 0 0 0 0 0 0 0 0 0 0 0 0 0 37 0 1 0 0 0
0 0 0 0 0 0 0 0 0 0 0 0 0 0 0 0 0 0 0 0 0 0 0 0
0 0 0 0 0 0 0 0 0 0 0 0 0 0 0 0 0 0 0 0 0 0 0 0
0 0 19 3 0 0 0 0 0 0 0 0 0 0 0 0 0 0 0 0 0 3 11 6
196296 3887 4088 27250 12594 18229 10770 12600 6144 5537 11145 2606 4651 1586 8028 7456 8065 439 6949 1339 558 1335 1554 1475
32762 34811 12694 95931 241719 428618 19072 137488 20345 12193 6489 21452 3589 5657 37703 33379 540288 6223 33360 10922 19170 30886 3089 5629
4625090 1139669 4731994 991088 8869570 1352480 626253 721 50376 257140 674 226 572 5562 2797 14172 0 0 93442 4000573 2974382 3793423 1196769 1508877
6551616 2872206 11158096 57508907 260590954 13843998 17115372 440485 197 0 0 0 0 0 0 0 0 0 0 7611783 17428805 4947265 6421231 10133464
708243 2419409 101298935 199603419 311047316 49731005 57568026 0 0 0 0 0 0 0 0 0 0 0 0 0 30006080 9818344 5732302 24245795
345292624 59333297 151805594 232691177 146120221 18508 2740 0 0 0 0 0 40 0 70348 1350143 0 0 0 0 1002 4091411 32477470 63131082
161243 54598418 48480676 13577865 60912509 0 0 220141 0 0 0 0 0 0 0 0 0 0 0 0 0 947 705461 14566630
219053 31880127 75148031 5592590 52687637 21516 10898 3440 82517 7761 77324 54865 0 0 3961 6442 0 0 0 0 0 0 0 0
