0 0 408 0 0 0 0 0 0 0 0 0 0 0 0 0 0 0 0 13 0 27 669719 6698084
0 0 0 0 0 0 0 0 0 0 0 0 0 0 0 0 0 0 0 0 0 0 0 0
0 0 0 0 0 0 0 0 0 0 0 0 0 0 0 0 0 0 0 0 0 0 0 0
0 0 0 0 0 0 0 0 0 0 0 0 0 0 0 0 0 0 0 0 0 0 0 0
0 0 0 273658 605 0 0 0 0 0 0 464202 3444 0 0 0 0 0 0 0 0 0 0 0
0 0 0 0 0 0 0 0 0 0 0 0 0 0 0 0 0 0 0 0 0 0 0 0
0 8626 0 598520 0 0 0 0 0 0 0 726754 13 0 0 0 0 0 0 0 0 0 0 0
0 0 0 0 0 0 0 0 0 0 0 0 0 0 0 0 0 0 0 0 0 0 0 0
0 0 0 0 0 0 0 0 0 0 0 0 0 0 0 0 0 0 0 0 0 0 0 0
0 0 0 0 0 0 0 0 0 0 0 0 0 0 0 0 0 0 500124 3457 0 0 0 0
0 0 907486 1144686 605 0 0 0 0 0 0 0 0 0 0 0 0 0 3849306 478005 0 0 0 0
1813956 255 456 2492394 0 0 0 0 0 0 0 0 0 0 0 0 0 467 17015660 24898973 4260079 0 0 0
4296821 44931 220689 0 84099 0 6750 2455 5134 1058 1209 0 0 7905 0 0 0 51 6045686 9055029 29522382 68486633 7253001 0
0 15800 290178 908120 42292 246087 1028 30970 233314 6941 231 0 0 0 0 0 0 0 12932169 3769275 4423322 21805757 11473648 0
846693 504697 25719 12816 12257 9208 193 124 0 9835 0 0 0 0 0 0 0 5194689 24742556 4763819 1703709 8837613 33444935 12927799
83758 6788 63333 96324 0 0 3961 6442 0 0 0 0 0 0 0 26186244 30127 26476841 283995 650541 1908306 6896522 6448 0
639 973 23683 0 0 0 0 0 0 0 0 0 0 0 0 0 26181844 25000886 23425981 7702152 3445850 0 0 0
0 0 0 0 0 0 70348 1350143 0 0 0 0 0 1703802 30220641 69818208 18614142 28153819 14577796 779503 0 0 0 0
0 0 0 0 40 0 0 0 0 0 0 0 6687048 5635561 6452393 26643896 8333631 21825183 25583 45593 0 0 0 0
0 0 0 0 0 0 0 0 0 0 0 3073744 36378223 10704725 8318695 13706529 35184946 128902935 9101336 6320 0 0 0 4364
46889 238223 13 226 572 5406 259 0 0 0 22038 8514884 7124541 2616396 996602 3346069 6101337 11062495 3628381 1347213 468544 0 0 0
14609 28839 5183 233 0 1176 30253 45774 429243 2509 103431 32240 236697 2000077 547989 74968 13536 18385 20115 14645 15928 10190 5 0
15564 7808 13112 23825 8240 6223 18016 9233 119110 4153 8282 3749 3488 23041 1539 2942 4976 8684 9481 603 41769 147 3087 0
0 0 0 0 0 0 0 0 0 0 0 0 0 12 28 346 16 1133 863 0 1082 0 0 0
0 0 0 0 0 0 0 0 0 0 0 0 0 0 0 0 30 1 0 84 0 0 0 0
0 0 0 0 0 0 0 0 0 0 0 0 0 0 0 0 0 0 0 0 0 0 0 0
0 0 0 0 0 0 0 0 0 0 0 0 0 0 0 0 0 0 0 0 0 0 0 0
0 0 0 0 0 384 2196 3 0 0 37 0 1 7 0 0 0 0 22 0 0 0 0 0
5672 14469 1 0 0 96500 354915 304374 831022 14819 12582 85719 136688 98274 185530 27957 196296 3887 31338 2466 10128 18229 10770 12600
260035 56359 9365 115730 1268483 3820691 5063537 6111365 7639099 2017269 1250808 1252767 676195 319568 1354190 35592 32762 34811 108625 114952 126767 428618 19072 137488
0 0 2672954 64039882 75731657 82608299 53440918 32555987 23762154 43559854 18025565 12466344 9682638 4725782 4295582 8263509 4625090 1139669 5723082 1981743 6887827 1352480 626253 721
0 0 6878375 17574955 34855859 56831876 38211882 35982178 24757547 19437505 15886795 1191303 4995489 13781643 11531703 9116033 6482321 388706 11996594 25781503 78457211 13805537 6553745 440485
241020 255956 19632354 48725895 33920127 22330336 10109521 17819973 122181869 46024299 74888929 36344338 18848489 93873494 164852067 3545751 777538 4902909 357572763 390548691 76850865 49769466 68129653 0
0 2280465 1579929 300873 472811 360473 384582 146711 31663038 14584480 17577325 22678537 7391053 87113875 355514178 385093619 345292624 59333297 384496771 144649230 1470991 18508 2740 0
568373 17635334 12627481 21656502 26913469 36845057 7013309 10013935 25211615 27241028 27781819 936272 0 0 152611393 69535562 161243 54598418 62058541 53105900 7806609 0 0 220141
0 490781 25519553 54242001 112314648 96474600 20553420 14560253 43593417 92566612 10126999 197498 0 0 69769312 29958875 219053 107028158 5592590 10069459 42618178 21516 10898 3440
0 0 0 0 199383 8656567 28060706 17018388 101110222 34116529 19770 94299 0 0 52960 0 0 56472952 9084813 18313408 4744021 1986003 3548954 2398433
0 664 458 6311 0 14023533 16192685 21372963 40578554 23844904 6481578 14475 0 0 0 0 0 33729271 96037324 10059343 4122590 353418 770939 2195929
0 0 0 0 0 94351 2753880 23958702 32427267 1311068 20271667 1811949 420452 0 0 0 0 0 13232 77149 20275 48176 40949 715967
0 0 0 0 0 0 5948432 10084794 11842546 0 0 0 0 0 0 0 0 0 66177 2251354 2406 38006 1517345 4790282
