0 0 0 0 0 0 0 0 0 0 0 0 0 0 0 0 0 0 0 0 0 0 0 0
0 0 0 0 0 0 0 0 0 0 0 0 0 0 0 0 0 0 0 0 0 0 0 0
0 0 0 0 0 0 0 0 0 0 0 0 0 0 0 0 0 0 0 0 0 0 116080 0
0 0 0 0 0 0 0 0 0 0 0 0 0 0 0 13 0 27 669719 6698084 0 0 791406 3616582
0 0 6072002 29638923 24440373 0 1452953 0 0 0 0 0 0 0 0 2329929 12346 38006 1517345 4790282 2926921 255 2204 20498
0 94351 2630310 4404573 19829440 1311068 18818714 1811949 420452 0 0 0 0 0 0 77983 17500 41011 39571 717345 3183856 60731 346707 774673
0 14023533 16192685 21372963 40578554 23844904 6481578 14475 0 0 0 0 0 596 33728675 106096667 4122590 353418 770939 2195929 268813 501484 188131 144556
199383 8656567 28060706 17018388 101110222 34116529 19770 94299 0 0 52960 0 0 5315708 51157244 27398221 4744021 1986003 3548954 2398433 579760 3213 9692 43166
112314648 96474600 20553420 14560253 43593417 92566612 10126999 197498 0 0 69769312 29958875 219053 31880127 75148031 15662049 42618178 21516 10898 3440 82517 7761 77324 54865
26977274 36882636 7078614 10021304 25855470 37705230 28182435 1016373 315444 13454331 264121541 139093208 45105526 77802720 91372659 110068112 7806609 0 0 220141 0 0 0 0
409006 322894 319277 139342 31019183 4120278 17176709 22598436 7075609 73659544 244004030 315535973 300348341 36128995 108913611 333956060 1470991 18508 2740 0 0 0 0 0
33920127 22330336 10109521 17819973 122181869 46024299 74888929 36344338 18848489 93873494 164852067 3545751 777538 4902909 111087089 637034365 76850865 49769466 68129653 0 0 0 0 0
34855859 56831876 38211882 35982178 24757547 19437505 15886795 1191303 4995489 13781643 11531703 9116033 6482321 388706 1369942 36408155 78457211 13805537 6553745 440485 197 0 0 0
75731657 82608299 53440918 32555987 23762154 43559854 18025565 12466344 9682638 4725782 4295582 8263509 4625090 1139669 5723082 1981743 6887827 1352480 626253 721 50376 257140 674 226
1268483 3917191 5316576 6360717 8392401 2032088 1263291 1252767 676195 319568 1354190 35592 32762 34811 108625 114952 126767 428618 19072 137488 20345 12193 6489 21452
0 0 101876 55022 77720 0 99 85719 136688 98274 185530 27957 196296 3887 31338 2466 10128 18229 10770 12600 6144 5537 11145 2606
0 384 2196 3 0 0 37 0 1 7 0 0 0 19 3 0 0 0 0 0 0 0 0 0
0 0 0 0 0 0 0 0 0 0 0 0 0 0 0 0 0 0 0 0 0 0 0 0
0 0 0 0 0 0 0 0 0 0 0 0 0 0 0 0 0 0 0 0 0 0 0 0
0 0 0 0 0 0 0 0 0 0 0 0 22 8 1 0 84 0 0 0 0 0 0 0
72 0 0 0 0 0 0 0 0 12 28 346 16 1133 0 863 1082 0 0 0 0 0 0 0
8168 6223 18016 9233 119110 4153 8282 3749 3488 23041 1539 2942 4976 4110 4574 9481 42372 147 3087 0 265707 70828 7738 21643
572 6582 30512 45774 429243 2509 125469 226410 362731 2000077 547989 74968 13536 3863 14522 34760 15928 10190 5 0 0 0 2674582 52491189
0 0 0 0 0 0 0 8320714 6998507 2616396 996602 3346069 6101337 1970911 9091584 4975594 468544 0 0 0 0 0 0 17583116
0 0 0 0 0 0 0 3073744 36378223 10704725 8318695 13706529 35184946 64318495 64584440 9107656 0 0 0 4364 241020 0 17308797 55294282
40 0 0 0 0 0 0 0 6687048 5635561 6452393 26643896 8333631 21761597 63586 71176 0 0 0 0 0 2225626 10622212 5353521
0 0 70348 1350143 0 0 0 0 0 1703802 30220641 69818208 18614142 9963327 18190492 15357299 0 0 0 0 198853 3201115 2788973 1617140
0 0 1071 0 0 0 0 0 0 0 0 0 26181844 14270610 36916520 33638944 935039 0 0 0 369520 15235795 35418990 74294947
0 0 2890 6442 0 0 0 0 0 0 0 0 30127 7597913 18878928 934536 1908306 6896522 6448 0 0 0 98720 0
12257 9208 193 124 0 9835 0 0 0 0 0 0 0 5194689 22892948 6613427 1703709 8837613 33444935 12927799 0 664 458 0
42292 246087 1028 30970 233314 6941 231 0 0 0 0 0 0 0 1583428 15118016 4423322 21805757 11473648 0 0 0 0 6311
84099 0 6750 2455 5134 1058 1209 0 0 7905 0 0 0 51 0 15100715 29522382 68486633 7253001 0 0 0 0 0
0 0 0 0 0 0 0 0 0 0 0 0 0 467 4080187 41183914 4260079 0 0 0 0 0 408 0
605 0 0 0 0 0 0 0 0 0 0 0 0 0 972912 4931 0 0 0 0 0 0 0 0
0 0 0 0 0 0 0 0 0 0 0 0 0 0 500124 3457 0 0 0 0 0 0 0 0
0 0 0 0 0 0 0 0 0 0 0 0 0 0 0 0 0 0 0 0 0 0 0 0
0 0 0 0 0 0 0 0 0 0 0 0 0 0 0 0 0 0 0 0 0 0 0 0
0 0 0 0 0 0 0 726754 13 0 0 0 0 0 0 0 0 0 0 0 0 0 0 273658
0 0 0 0 0 0 0 0 0 0 0 0 0 0 0 0 0 0 0 0 0 0 0 0
605 0 0 0 0 0 0 464202 3444 0 0 0 0 0 0 0 0 0 0 0 0 8626 0 598520
