0 0 40 0 0 0 0 0 0 0 30007082 12206900 8694592 32125299 17598857 42688325 6193759 71176 0 0 0 0 0 2225626
0 0 0 0 70348 1350143 0 0 0 0 0 1702855 29515180 55251578 4077442 9563095 9307196 4167456 0 0 0 0 0 310795
23683 0 0 0 0 0 0 0 0 0 0 947 705461 14566630 40718544 14381262 19903152 42317976 0 0 0 0 568373 18126115
63333 96324 0 0 3961 6442 0 0 0 0 0 0 0 0 30127 7887493 44775592 3445347 2843345 6896522 6448 0 0 0
285 11119 0 1305 0 124 0 8447 0 0 0 0 0 0 0 5194689 8283409 4310449 956583 7108244 21173203 12927246 0 664
315612 909817 54549 253990 1221 30970 233314 8329 231 0 0 0 0 0 0 0 16192967 17420994 5170448 23535126 23745380 553 0 0
218941 0 84099 0 6750 2455 5134 1058 1209 0 0 7905 0 0 0 51 0 9156564 19395260 67094450 7253001 0 0 0
2204 2492394 0 0 0 0 0 0 0 0 0 0 0 0 0 467 2391769 45467015 14387201 1392183 0 0 0 0
907486 1144686 605 0 0 0 0 0 0 0 0 0 0 0 0 0 1910810 2416501 0 0 0 0 0 0
0 0 0 0 0 0 0 0 0 0 0 0 0 0 0 0 500124 3457 0 0 0 0 0 0
0 0 0 0 0 0 0 0 0 0 0 0 0 0 0 0 0 0 0 0 0 0 0 0
0 0 0 0 0 0 0 0 0 0 0 0 0 0 0 0 0 0 0 0 0 0 0 0
0 598520 0 0 0 0 0 0 0 726754 13 0 0 0 0 0 0 0 0 0 0 0 0 0
0 0 0 0 0 0 0 0 0 0 0 0 0 0 0 0 0 0 0 0 0 0 0 0
0 273658 605 0 0 0 0 0 0 464202 3444 0 0 0 0 0 0 0 0 0 0 0 0 8626
0 0 0 0 0 0 0 0 0 0 0 0 0 0 0 0 0 0 0 0 0 0 0 0
0 0 0 0 0 0 0 0 0 0 0 0 0 0 0 0 0 0 0 0 0 0 0 0
0 0 0 0 0 0 0 0 0 0 0 0 0 0 0 0 0 0 0 0 0 0 0 0
8 0 0 0 0 0 0 0 0 0 0 0 0 0 0 0 0 0 0 0 3057 542771 0 0
400 0 0 0 5948432 10084794 11842546 0 0 0 0 0 0 0 0 0 0 2317544 2406 38033 2184007 10945595 2926921 255
0 0 0 94351 2753880 23958702 46228283 0 7781719 868414 0 0 0 0 0 0 0 53320 7651 41666 26719 384231 3183856 44931
0 6311 0 4923761 9955848 14062349 31160449 14054343 6481514 14298 1363987 0 0 0 0 596 2205 168297 896548 183956 42676 678383 42675 68691
458 0 199383 17756339 34297543 24329002 110528327 43907090 19834 94476 0 0 52960 0 0 5315708 84883714 133363652 7982687 2161975 4291447 4247715 805898 451806
9678401 39915389 89332977 50893589 11244792 7555638 34178399 37718995 6297980 0 0 0 489968 19990725 7543 27818610 31403268 12041450 18516045 21516 378 2557 81878 6788
28468633 35983114 49895140 82426068 16321937 17018550 34626633 82088645 31610838 1133770 0 0 221890737 79503712 372753 58659935 92225439 70304364 31908742 0 10520 221024 639 973
1579929 300873 472811 360473 384582 146711 31663038 22588844 9572961 13972347 3511994 59541051 203437618 229484252 299378197 45960436 83444786 229418048 109297 2076 494 0 0 0
13963988 28277782 32056698 17472688 2706400 2112488 99593178 27261539 54217248 33808624 26072687 97552432 311142900 157337662 46622670 15792270 169659743 634648693 25286095 49747437 57570272 0 0 0
12546741 38023068 36719288 61689524 45615003 51689663 47346238 38200265 36558476 3727017 10356540 37675529 17317430 10933489 6551616 2872206 11158096 186716186 131383675 13843998 17115372 440485 197 0
2468476 57291206 75677213 73260229 51957792 28203531 21089768 20193595 11119688 6636537 3021527 2693222 2517290 4573236 2643262 512544 4200799 2860353 6757520 1349528 625335 721 46692 238223
213843 6864406 1322927 13168761 6546663 10463821 10311485 25383528 8156685 7082574 7337306 2352128 3132482 3725865 2014590 661936 730796 136454 257074 431570 19990 137488 24029 31110
1 0 0 96500 354915 304374 831022 14819 12582 85198 136673 97878 185231 27889 195947 3528 30809 2455 10127 18229 10647 12560 6144 5537
0 0 0 384 2196 3 0 0 37 521 16 403 299 68 349 359 551 11 1 0 123 40 0 0
0 0 0 0 0 0 0 0 0 0 0 0 0 0 0 0 0 0 0 0 0 0 0 0
0 0 0 0 0 0 0 0 0 0 0 0 0 0 0 0 0 0 0 0 0 0 0 0
0 0 0 0 0 0 0 0 0 0 0 0 0 0 0 0 0 0 0 0 0 0 0 0
0 0 0 0 0 0 0 0 0 0 0 12 28 346 38 1141 1 863 1166 0 0 0 0 0
11145 2606 4651 1586 8028 7456 8065 439 6949 1339 558 1326 1537 1135 1609 3085 1540 2415 24196 0 808 0 5672 14469
7150 21452 3589 5813 40241 47551 540288 6223 104764 34650 239627 114712 26085 33378 4823 2882 8496 14381 18173 10337 2284 0 260035 56359
13 226 572 5406 259 0 0 0 22038 8514884 7124541 4523476 1518508 3389466 6113417 1972917 9100644 5003042 484472 0 0 0 0 0
0 0 0 0 0 0 0 0 0 3073744 13058189 4133386 6076496 8225126 25919720 43391767 58454267 9107656 0 0 0 4364 241020 0
