0 0 0 0 0 0 0 0 0 0 0 0 0 0 0 0 0 0 0 0 0 0 0 0 0 0 0 0 0 0 0 0 0 0 0 0 0 0 0 0 0 0 0 0 0 0 0 0 0 0
0 0 0 0 0 0 0 0 0 0 0 0 0 0 0 0 0 0 0 0 0 0 0 0 0 0 0 0 0 0 0 0 0 0 0 0 0 0 0 0 0 0 0 0 0 0 0 0 0 0
0 0 0 0 0 0 0 0 0 0 0 0 22 8 1 0 84 0 0 0 0 0 0 0 0 0 0 0 0 0 0 37 0 1 0 0 0 0 0 0 0 0 0 0 0 0 0 0 0 0
0 0 0 0 0 0 0 0 0 3 11 6 11 16 0 753 0 0 0 0 0 0 0 0 0 0 384 2196 3 0 0 0 0 0 7 0 0 0 0 19 3 0 0 0 0 0 0 0 0 0
0 0 0 0 0 0 0 0 0 9 17 340 5 1117 0 110 0 1082 0 0 0 0 0 0 0 0 0 0 0 0 0 0 521 15 396 299 68 349 359 242 287 11 1 0 123 40 0 0 0 0
72 0 732 6021 7121 38 1193 453 465 0 0 0 846 1566 1501 978 0 4942 0 0 0 548 0 0 0 0 0 101876 55022 77720 0 99 1812 2232 4690 4969 16306 180200 3285 2518 3704 1100 7472 2915 5587 2361 538 200 3565 1162
4579 1586 7296 1435 944 401 5756 886 93 1326 1537 1135 763 1519 39 1437 600 18654 0 808 0 5124 14469 1 0 0 96500 253039 249352 753302 14819 12483 83386 134441 93188 180262 11583 15747 243 1328 23259 1355 2655 15314 5060 10199 5606 5337 7580 1444
3589 4637 9988 1777 111045 3714 1333 2410 2930 21715 2 1807 3367 1025 3034 7066 3 18173 147 2279 0 260035 56359 7737 21643 175675 617468 697980 1459904 380590 778899 101144 298886 30272 120346 320286 6542 2436 6542 2826 47472 78431 48772 111834 9614 18126 9420 2271 1967 21219
0 1020 27715 31602 429243 2509 32027 8512 16240 9171 3087 3822 7 0 1977 2751 0 0 10190 5 0 0 0 1628 94087 1092808 3203223 4365557 4651461 7258509 1238370 1149664 953881 645923 199222 1033904 29050 30326 28269 9868 48459 36521 77995 316784 9458 119362 10925 9922 4522 233
0 156 2538 14172 0 0 71404 23728 220457 83826 22996 27749 1449 1857 3485 2272 2289 0 0 0 0 0 0 204478 6748676 54444 9348070 1483126 4352456 2672386 23366259 6905877 5829807 6661111 2032560 1778292 3690273 1981828 627125 531195 90976 21502 130307 2952 918 0 3684 18917 661 0
572 5406 259 0 0 0 22038 194170 126034 1907080 521906 43397 12080 2006 9060 15092 12356 15928 0 0 0 0 0 2468476 45648426 27868205 29737610 19964485 10483501 6232742 8794224 8294079 5286251 2441255 1304217 1360521 3156156 2098103 284859 2156547 636174 284124 517543 33210 94920 0 44134 238223 13 226
0 0 0 0 0 0 0 3782675 2627891 1802517 651867 1437731 231830 156198 226990 637723 121478 176184 0 0 0 0 0 0 11642780 47809008 43522619 31993307 17720030 14857026 11399371 2825609 1350286 580272 1389005 1156769 1417080 545159 227685 2044252 263938 1676117 6239977 1316318 530415 721 2558 0 0 0
0 0 0 0 0 0 0 4538039 4370616 813879 344735 1908338 5869507 1814713 8864594 2990658 1225735 292360 0 0 0 0 0 0 5940336 17224320 38038763 21768450 20370963 8455458 11217722 1911508 621154 326319 495928 620529 3407074 1033464 154091 256758 202660 2481379 34301671 10339689 540570 13290 197 0 0 0
0 0 0 0 0 0 0 1035017 1217747 2798825 798364 3580956 17531742 26765445 33444426 9101336 6320 0 0 0 0 0 0 6878375 11634619 17631539 18793113 16443432 15611215 16302089 8219783 13975287 570149 4669170 13285715 10911174 5708959 5448857 234615 1113184 10423992 23300124 44155540 3465848 6013175 427195 0 0 0 0
0 0 0 0 0 0 0 2038727 11840442 1334561 5278132 4644170 8387978 16626322 25009841 0 0 0 0 0 4364 241020 0 5668366 20448113 1863429 4857648 7403121 15707485 22588691 18762760 20671681 2535714 5361051 23893886 5785727 1817456 69295 2483500 9788154 46882255 103425776 52926464 38461 10561627 0 0 0 0 0
0 0 0 0 0 0 0 0 23320034 6571339 2242199 5481403 9265226 20926728 6130173 0 0 0 0 0 0 0 0 4762056 23211550 30767259 13895762 620863 1039149 10430049 22581563 31730621 23826350 10163731 31778145 34934436 240669 53223 867527 30211745 114760926 125694720 23613420 41951011 57559759 0 0 0 0 0
0 0 0 0 0 0 0 0 6686046 3247005 3490103 18764392 8146779 7575527 0 25583 45593 0 0 0 0 0 255956 9201932 5066232 1289439 3576926 2085537 1073339 89163129 4679976 22486627 9982274 3323707 38201463 124131904 1487626 655020 1551882 71087190 84842493 161428195 310981 7779994 8267 0 0 0 0 0
40 0 0 0 0 0 0 0 1002 2388556 2962290 7879504 186852 14186070 63586 0 0 0 0 0 0 0 1969670 1420280 287289 269438 232528 282375 78514 25823409 1676446 8004364 8706190 3879059 27572824 152076560 155609367 45914427 13372861 68360808 81247107 66675252 1361694 16432 2246 0 0 0 0 0
0 0 0 0 0 0 0 0 0 1702848 7301265 8121494 0 7731188 308858 0 0 0 0 0 0 0 149564 77162 2126 139568 90366 36902 60828 5195774 2443832 9172345 13892246 3196550 46086720 91927470 159926606 254433914 22756134 40552803 108362280 77671421 109297 2076 494 0 0 0 0 0
0 0 70348 1350143 0 0 0 0 0 7 22213915 47130084 4077442 1831907 8998338 4167456 0 0 0 0 0 0 161231 82487 11458 63805 37579 65305 7369 643855 10464202 400616 80101 315444 13454331 111510148 69557646 44944283 23204302 42891983 43081790 302557 0 0 0 0 0 0 0 0
0 0 0 0 0 0 0 0 0 947 705461 14566630 14536700 400232 8883296 10410340 779503 0 0 0 0 198853 2890320 2629324 1603556 796883 507207 183412 260339 9956940 9241400 9598872 697068 0 0 85096888 44087233 8095 31515634 23105205 4880715 14579399 19323 0 0 0 0 0 0 0
0 0 0 0 0 0 0 0 0 0 0 0 26181844 5287951 125491 570229 1066075 0 0 0 0 369520 14745014 9998157 20052946 26116586 36337850 6829897 9753596 15254675 17999628 18182947 239204 0 0 67514505 25448329 153148 23082784 25375471 8697150 38526501 7787286 0 0 220141 0 0 0 0
0 0 0 0 0 0 0 0 0 0 0 0 0 8693079 10894365 22855752 6636077 0 0 0 0 0 490781 15841152 14326612 22981671 45581011 9308628 7004615 9415018 54847617 3829019 197498 0 0 69279344 9968150 211510 4061517 43744763 1479321 2141278 24102133 0 10520 883 639 973 23683 0
0 0 1071 0 0 0 0 0 0 0 0 0 0 289580 25896664 1460127 1050684 935039 0 0 0 0 0 9579681 39915389 88797156 39973679 3946172 1967038 6829922 33747439 1993359 0 0 0 253205 19990725 7543 11419827 5956803 507062 6207820 15860755 21485 378 2557 81878 6788 51028 0
0 0 2890 6442 0 0 0 0 0 0 0 0 0 209663 11885651 147828 508913 141691 2793 0 0 0 0 98720 0 535821 10919910 7298620 5588600 27348477 3971556 4304621 0 0 0 236763 0 0 16398783 25446465 3606207 1720361 2655290 31 0 0 0 0 2613 54865
0 0 0 0 0 0 0 0 0 0 0 0 30127 7388250 6993277 136167 141628 1766615 6893729 6448 0 0 0 0 0 199383 1942519 3607378 5660883 70952939 20884020 19770 0 0 0 52960 0 0 5294139 10606430 6000479 7263478 2454485 1037927 654575 114174 1880 0 9692 41459
0 20 0 7 0 0 0 0 0 0 0 0 0 3742557 2869249 382701 2828022 641569 5443068 11906576 1861889 0 0 0 0 0 6714048 24453328 11357505 30157283 13232509 0 94299 0 0 0 0 0 21569 40550814 3084334 11049930 2289536 948076 2894379 2284259 577880 3213 0 1707
0 1285 0 117 0 8447 0 0 0 0 0 0 0 1452132 5414160 352715 747011 315014 1665176 9266627 11065357 0 664 458 0 0 9099772 6236837 7310614 9418105 9790561 64 177 0 0 0 0 0 0 33726470 96037324 9928107 3238666 175972 742493 1849282 226138 448593 285 9412
12257 7903 193 0 0 1388 0 0 0 0 0 0 0 0 14609539 1114192 1188786 747126 1729369 12271732 553 0 0 0 0 0 2666574 6991221 7233164 8879781 4798907 1808973 352 0 0 0 0 0 596 2205 0 131219 869044 154903 17807 157893 42675 52891 25434 1697
13264 244469 0 30509 12066 3169 0 0 0 0 0 0 0 0 1583428 6578036 754714 2184895 9098771 4554657 0 0 0 0 6311 0 2257187 2964627 6829185 22280668 9255436 4672541 13946 0 0 0 0 0 0 0 0 17 14880 22543 10639 188754 0 0 162412 133447
29028 1618 1028 461 221248 3772 231 0 0 0 0 0 0 0 0 4770705 3014561 2238427 12706986 6918991 0 0 0 0 0 0 85625 1759916 2979791 13351482 1311068 12489948 943535 420452 0 0 0 0 0 0 0 37061 12624 6510 14230 331736 0 15800 127766 774673
84099 0 6750 2455 3674 1058 1155 0 0 0 0 0 0 0 0 1381632 1205010 7066165 58176236 7253001 0 0 0 0 0 0 8726 870394 1424782 6477958 0 6328766 868414 0 0 0 0 0 0 0 4380 36542 4876 34501 25341 318882 49921 44931 218941 0
0 0 0 0 1460 0 54 0 0 7905 0 0 0 51 0 2973064 3596858 12329095 8918214 0 0 0 0 0 0 0 0 123570 19554129 12597827 0 1452953 0 0 0 0 0 0 0 0 8852 3546 2775 7165 1378 65349 3133935 0 0 0
0 0 0 0 0 0 0 0 0 0 0 0 0 0 0 1690990 4253161 10127122 1392183 0 0 0 0 0 0 0 0 322734 4947459 11358335 0 0 0 0 0 0 0 0 0 0 48239 79057 1437 2224 7982 174726 1112965 0 1748 0
0 0 0 0 0 0 0 0 0 0 0 0 0 467 19945 13499432 22765506 3577249 0 0 0 0 0 0 0 0 0 5625698 5137335 484211 0 0 0 0 0 0 0 0 0 0 17938 2172297 969 35782 1509363 4615556 1813956 255 456 20498
0 0 0 0 0 0 0 0 0 0 0 0 0 0 2371824 1124459 2133467 682830 0 0 0 0 0 400 0 0 0 0 0 0 0 0 0 0 0 0 0 0 0 0 0 13 0 27 666662 6155313 0 0 0 2471896
0 0 0 0 0 0 0 0 0 0 0 0 0 0 1688418 1187976 473074 0 0 0 0 0 0 8 0 0 0 0 0 0 0 0 0 0 0 0 0 0 0 0 0 0 0 0 3057 275385 0 0 16133 1129527
605 0 0 0 0 0 0 0 0 0 0 0 0 0 212706 555387 4931 0 0 0 0 0 0 0 0 0 0 0 0 0 0 0 0 0 0 0 0 0 0 0 0 0 0 0 0 267386 0 0 775273 15159
0 0 0 0 0 0 0 0 0 0 0 0 0 0 9686 195133 0 0 0 0 0 0 0 0 0 0 0 0 0 0 0 0 0 0 0 0 0 0 0 0 0 0 0 0 0 0 0 0 116080 0
0 0 0 0 0 0 0 0 0 0 0 0 0 0 47128 167268 3198 0 0 0 0 0 0 0 0 0 0 0 0 0 0 0 0 0 0 0 0 0 0 0 0 0 0 0 0 0 0 0 0 0
0 0 0 0 0 0 0 0 0 0 0 0 0 0 3 285725 259 0 0 0 0 0 0 0 0 0 0 0 0 0 0 0 0 0 0 0 0 0 0 0 0 0 0 0 0 0 0 0 0 0
0 0 0 0 0 0 0 0 0 0 0 0 0 0 0 0 0 0 0 0 0 0 0 0 0 0 0 0 0 0 0 0 0 0 0 0 0 0 0 0 0 0 0 0 0 0 0 0 0 0
0 0 0 0 0 0 0 0 0 0 0 0 0 0 0 0 0 0 0 0 0 0 0 0 0 0 0 0 0 0 0 0 0 0 0 0 0 0 0 0 0 0 0 0 0 0 0 0 0 0
0 0 0 0 0 0 0 0 0 0 0 0 0 0 0 0 0 0 0 0 0 0 0 0 0 0 0 0 0 0 0 0 0 0 0 0 0 0 0 0 0 0 0 0 0 0 0 0 0 0
0 0 0 0 0 0 0 0 0 0 0 0 0 0 0 0 0 0 0 0 0 0 0 0 0 0 0 0 0 0 0 0 0 0 0 0 0 0 0 0 0 0 0 0 0 0 0 0 0 0
0 0 0 0 0 0 0 0 0 0 0 0 0 0 0 0 0 0 0 0 0 0 0 0 0 0 0 0 0 0 0 0 0 0 0 0 0 0 0 0 0 0 0 0 0 0 0 0 0 0
0 0 0 0 0 0 0 0 0 0 0 0 0 0 0 0 0 0 0 0 0 0 0 0 0 0 0 0 0 0 0 0 0 0 0 0 0 0 0 0 0 0 0 0 0 0 0 0 0 0
0 0 0 0 0 0 0 726754 13 0 0 0 0 0 0 0 0 0 0 0 0 0 0 0 273658 605 0 0 0 0 0 0 464202 3444 0 0 0 0 0 0 0 0 0 0 0 0 0 8626 0 598520
0 0 0 0 0 0 0 0 0 0 0 0 0 0 0 0 0 0 0 0 0 0 0 0 0 0 0 0 0 0 0 0 0 0 0 0 0 0 0 0 0 0 0 0 0 0 0 0 0 0
0 0 0 0 0 0 0 0 0 0 0 0 0 0 0 0 0 0 0 0 0 0 0 0 0 0 0 0 0 0 0 0 0 0 0 0 0 0 0 0 0 0 0 0 0 0 0 0 0 0
